0 0.5
0.001 0.5
0.002 0.5
0.003 0.5
0.004 0.5
0.005 0.5
0.006 0.5
0.007 0.5
0.008 0.5
0.009 0.5
0.01 0.5
0.011 0.5
0.012 0.5
0.013 0.5
0.014 0.5
0.015 0.5
0.016 0.5
0.017 0.5
0.018 0.5
0.019 0.5
0.02 0.5
0.021 0.5
0.022 0.5
0.023 0.5
0.024 0.5
0.025 0.5
0.026 0.5
0.027 0.5
0.028 0.5
0.029 0.5
0.03 0.5
0.031 0.5
0.032 0.5
0.033 0.5
0.034 0.5
0.035 0.5
0.036 0.5
0.037 0.5
0.038 0.5
0.039 0.5
0.04 0.5
0.041 0.5
0.042 0.5
0.043 0.5
0.044 0.5
0.045 0.5
0.046 0.5
0.047 0.5
0.048 0.5
0.049 0.5
0.05 0.5
0.051 0.5
0.052 0.5
0.053 0.5
0.054 0.5
0.055 0.5
0.056 0.5
0.057 0.5
0.058 0.5
0.059 0.5
0.06 0.5
0.061 0.5
0.062 0.5
0.0629999 0.5
0.064 0.5
0.065 0.5
0.066 0.5
0.067 0.5
0.068 0.5
0.069 0.5
0.07 0.5
0.071 0.5
0.072 0.5
0.073 0.5
0.074 0.5
0.075 0.5
0.076 0.5
0.077 0.5
0.078 0.5
0.079 0.5
0.08 0.5
0.081 0.5
0.082 0.5
0.083 0.5
0.084 0.500167
0.085 0.500167
0.086 0.500167
0.087 0.500167
0.088 0.500167
0.089 0.500167
0.09 0.500167
0.091 0.500167
0.092 0.500333
0.093 0.500333
0.094 0.500667
0.095 0.500667
0.096 0.500833
0.097 0.501
0.098 0.501
0.099 0.501333
0.1 0.501333
0.101 0.5015
0.102 0.501833
0.103 0.502
0.104 0.502
0.105 0.502167
0.106 0.502333
0.107 0.5025
0.108 0.502833
0.109 0.503
0.11 0.5035
0.111 0.503667
0.112 0.504
0.113 0.504833
0.114 0.505333
0.115 0.505333
0.116 0.505667
0.117 0.506
0.118 0.506333
0.119 0.506833
0.12 0.5075
0.121 0.508167
0.122 0.508833
0.123 0.5095
0.124 0.510333
0.125 0.511167
0.126 0.5115
0.127 0.512333
0.128 0.513
0.129 0.5135
0.13 0.5145
0.131 0.515167
0.132 0.516333
0.133 0.517
0.134 0.5175
0.135 0.518667
0.136 0.520167
0.137 0.521667
0.138 0.523167
0.139 0.525
0.14 0.526
0.141 0.527333
0.142 0.528333
0.143 0.529833
0.144 0.532333
0.145 0.534667
0.146 0.5365
0.147 0.538167
0.148 0.540167
0.149 0.541333
0.15 0.542667
0.151 0.544833
0.152 0.5475
0.153 0.55
0.154 0.551667
0.155 0.5535
0.156 0.554833
0.157 0.557667
0.158 0.5595
0.159 0.562667
0.16 0.5645
0.161 0.5675
0.162 0.5695
0.163 0.5735
0.164 0.575333
0.165 0.577333
0.166 0.5795
0.167 0.5815
0.168 0.584667
0.169 0.5875
0.17 0.591333
0.171 0.5945
0.172 0.596833
0.173 0.599
0.174 0.602833
0.175 0.606
0.176 0.608
0.177 0.611
0.178 0.6145
0.179 0.6175
0.18 0.6195
0.181 0.623167
0.182 0.6265
0.183 0.6295
0.184 0.632167
0.185 0.634833
0.186 0.638333
0.187 0.640167
0.188 0.6415
0.189 0.644333
0.19 0.6475
0.191 0.650833
0.192 0.654
0.193 0.6575
0.194 0.660667
0.195 0.661833
0.196 0.6655
0.197 0.668167
0.198 0.672167
0.199 0.675833
0.2 0.679333
0.201 0.680833
0.202 0.6835
0.203 0.685833
0.204 0.690667
0.205 0.693333
0.206 0.697833
0.207 0.7005
0.208 0.703333
0.209 0.705667
0.21 0.709167
0.211 0.711333
0.212 0.713833
0.213 0.716167
0.214 0.717667
0.215 0.720167
0.216 0.723
0.217 0.726
0.218 0.728833
0.219 0.730667
0.22 0.733333
0.221 0.734833
0.222 0.737
0.223 0.739833
0.224 0.742833
0.225 0.745833
0.226 0.748167
0.227 0.7505
0.228 0.7535
0.229 0.757
0.23 0.760333
0.231 0.762833
0.232 0.765667
0.233 0.7675
0.234 0.77
0.235 0.773167
0.236 0.775667
0.237 0.777833
0.238 0.7795
0.239 0.781167
0.24 0.7835
0.241 0.785833
0.242 0.788
0.243 0.789667
0.244 0.791333
0.245 0.794667
0.246 0.797833
0.247 0.800833
0.248 0.8035
0.249 0.805
0.25 0.806833
0.251 0.810167
0.252 0.811833
0.253 0.814833
0.254 0.817
0.255 0.818167
0.256 0.820667
0.257 0.822833
0.258 0.8245
0.259 0.826167
0.26 0.827333
0.261 0.830333
0.262 0.832833
0.263 0.834333
0.264 0.835833
0.265 0.837667
0.266 0.840167
0.267 0.841333
0.268 0.843167
0.269 0.844167
0.27 0.845333
0.271 0.8475
0.272 0.849667
0.273 0.852833
0.274 0.854333
0.275 0.856667
0.276 0.858333
0.277 0.860333
0.278 0.8625
0.279 0.864
0.28 0.865167
0.281 0.866167
0.282 0.867833
0.283 0.869167
0.284 0.870167
0.285 0.8715
0.286 0.872333
0.287 0.8745
0.288 0.876
0.289 0.878
0.29 0.8795
0.291 0.8805
0.292 0.881167
0.293 0.882167
0.294 0.882833
0.295 0.884
0.296 0.885167
0.297 0.8865
0.298 0.887667
0.299 0.888667
0.3 0.889833
0.301 0.891
0.302 0.893
0.303 0.893667
0.304 0.895167
0.305 0.895667
0.306 0.896833
0.307 0.8975
0.308 0.8995
0.309 0.901167
0.31 0.903
0.311 0.904667
0.312 0.905667
0.313 0.906
0.314 0.907667
0.314999 0.9085
0.315999 0.909167
0.316999 0.910333
0.317999 0.911333
0.318999 0.912833
0.319999 0.913333
0.320999 0.9145
0.321999 0.915333
0.322999 0.916167
0.323999 0.917167
0.324999 0.918667
0.325999 0.920167
0.326999 0.921333
0.327999 0.922333
0.328999 0.924167
0.329999 0.924667
0.330999 0.925167
0.331999 0.925667
0.332999 0.927833
0.333999 0.928667
0.334999 0.929667
0.335999 0.930667
0.336999 0.9315
0.337999 0.931833
0.338999 0.932833
0.339999 0.9335
0.340999 0.9345
0.341999 0.934833
0.342999 0.9355
0.343999 0.9365
0.344999 0.9375
0.345999 0.938167
0.346999 0.938667
0.347999 0.9395
0.348999 0.9405
0.349999 0.941333
0.350999 0.942333
0.351999 0.943333
0.352999 0.944167
0.353999 0.945333
0.354999 0.946
0.355999 0.946667
0.356999 0.9475
0.357999 0.948333
0.358999 0.949
0.359999 0.949667
0.360999 0.949833
0.361999 0.950333
0.362999 0.950833
0.363999 0.951833
0.364999 0.952333
0.365999 0.952667
0.366999 0.953167
0.367999 0.953667
0.368999 0.953667
0.369999 0.953667
0.370999 0.954667
0.371999 0.955
0.372999 0.955667
0.373999 0.956
0.374999 0.956667
0.375999 0.957167
0.376999 0.958333
0.377999 0.959833
0.378999 0.959833
0.379999 0.960167
0.380999 0.961167
0.381999 0.961667
0.382999 0.9625
0.383999 0.963
0.384999 0.9635
0.385999 0.963667
0.386999 0.963667
0.387999 0.964333
0.388999 0.964833
0.389999 0.966
0.390999 0.966333
0.391998 0.9665
0.392998 0.967
0.393998 0.967333
0.394998 0.967833
0.395998 0.968
0.396998 0.968833
0.397998 0.9695
0.398998 0.969667
0.399998 0.9705
0.400998 0.971
0.401998 0.970833
0.402998 0.9715
0.403998 0.971333
0.404998 0.9715
0.405998 0.972333
0.406998 0.973
0.407998 0.973
0.408998 0.9735
0.409998 0.973333
0.410998 0.9735
0.411998 0.973833
0.412998 0.974167
0.413998 0.974333
0.414998 0.974333
0.415998 0.974333
0.416998 0.974667
0.417998 0.975167
0.418998 0.975333
0.419998 0.975333
0.420998 0.975333
0.421998 0.975667
0.422998 0.976167
0.423998 0.976
0.424998 0.976167
0.425998 0.976
0.426998 0.976333
0.427998 0.9765
0.428998 0.976667
0.429998 0.976833
0.430998 0.9765
0.431998 0.976667
0.432998 0.977
0.433998 0.977167
0.434998 0.977333
0.435998 0.977333
0.436998 0.977833
0.437998 0.978
0.438998 0.978333
0.439998 0.978667
0.440998 0.979
0.441998 0.979333
0.442998 0.979667
0.443998 0.979167
0.444998 0.979333
0.445998 0.979333
0.446998 0.9795
0.447998 0.9795
0.448998 0.979167
0.449998 0.979167
0.450998 0.978833
0.451998 0.978833
0.452998 0.978833
0.453998 0.978167
0.454998 0.978167
0.455998 0.978333
0.456998 0.978333
0.457998 0.978833
0.458998 0.978833
0.459998 0.978833
0.460998 0.978667
0.461998 0.978667
0.462998 0.9785
0.463998 0.978167
0.464998 0.978
0.465998 0.9775
0.466998 0.9775
0.467998 0.977667
0.468998 0.977667
0.469997 0.977667
0.470997 0.977667
0.471997 0.977667
0.472997 0.977667
0.473997 0.977667
0.474997 0.9775
0.475997 0.9775
0.476997 0.977167
0.477997 0.977167
0.478997 0.977167
0.479997 0.977
0.480997 0.977167
0.481997 0.976833
0.482997 0.976667
0.483997 0.9765
0.484997 0.976667
0.485997 0.976167
0.486997 0.975833
0.487997 0.975833
0.488997 0.975167
0.489997 0.975167
0.490997 0.974833
0.491997 0.9745
0.492997 0.974
0.493997 0.9735
0.494997 0.972833
0.495997 0.9725
0.496997 0.9725
0.497997 0.972
0.498997 0.9715
0.499997 0.971333
0.500997 0.971333
0.501997 0.970833
0.502997 0.9705
0.503997 0.970333
0.504997 0.97
0.505997 0.969667
0.506997 0.9695
0.507997 0.969
0.508997 0.968167
0.509997 0.968167
0.510997 0.967833
0.511997 0.967333
0.512997 0.967167
0.513997 0.967
0.514997 0.966167
0.515997 0.965833
0.516997 0.965
0.517997 0.9645
0.518997 0.963667
0.519997 0.963167
0.520997 0.9625
0.521997 0.962167
0.522997 0.961167
0.523997 0.960667
0.524997 0.960167
0.525997 0.959333
0.526997 0.958833
0.527997 0.9585
0.528997 0.958167
0.529997 0.957833
0.530997 0.9575
0.531997 0.957
0.532997 0.955833
0.533997 0.955167
0.534997 0.953833
0.535997 0.952667
0.536997 0.952333
0.537997 0.951667
0.538997 0.950667
0.539997 0.95
0.540997 0.949667
0.541997 0.949167
0.542997 0.9485
0.543997 0.947833
0.544997 0.946833
0.545997 0.946
0.546997 0.9455
0.547997 0.9445
0.548997 0.944333
0.549996 0.943833
0.550996 0.943667
0.551996 0.942333
0.552996 0.941
0.553996 0.939333
0.554996 0.938833
0.555996 0.937333
0.556996 0.9365
0.557996 0.934333
0.558996 0.9335
0.559996 0.932333
0.560996 0.931333
0.561996 0.930667
0.562996 0.9295
0.563996 0.928833
0.564996 0.928333
0.565996 0.926833
0.566996 0.926167
0.567996 0.9255
0.568996 0.924333
0.569996 0.923833
0.570996 0.923333
0.571996 0.922833
0.572996 0.922
0.573996 0.921167
0.574996 0.919333
0.575996 0.918167
0.576996 0.917
0.577996 0.915833
0.578996 0.914833
0.579996 0.913667
0.580996 0.913333
0.581996 0.912
0.582996 0.910667
0.583996 0.910167
0.584996 0.908667
0.585996 0.9075
0.586996 0.906833
0.587996 0.905667
0.588996 0.9045
0.589996 0.903167
0.590996 0.902333
0.591996 0.900667
0.592996 0.899
0.593996 0.898
0.594996 0.897167
0.595996 0.896333
0.596996 0.8955
0.597996 0.894833
0.598996 0.8935
0.599996 0.892
0.600996 0.891833
0.601996 0.890833
0.602996 0.889667
0.603996 0.889167
0.604996 0.887167
0.605996 0.886333
0.606996 0.885333
0.607996 0.883833
0.608996 0.883
0.609996 0.882
0.610996 0.8805
0.611996 0.879167
0.612996 0.878167
0.613996 0.8765
0.614996 0.875167
0.615996 0.874167
0.616996 0.873
0.617996 0.871333
0.618996 0.87
0.619996 0.868333
0.620996 0.866833
0.621996 0.8645
0.622996 0.862167
0.623996 0.8605
0.624996 0.859667
0.625996 0.858667
0.626996 0.8575
0.627995 0.8565
0.628995 0.855333
0.629995 0.854167
0.630995 0.853
0.631995 0.8515
0.632995 0.850333
0.633995 0.849
0.634995 0.847167
0.635995 0.845333
0.636995 0.843833
0.637995 0.842833
0.638995 0.842
0.639995 0.840833
0.640995 0.838667
0.641995 0.8365
0.642995 0.835167
0.643995 0.834
0.644995 0.832
0.645995 0.831
0.646995 0.829
0.647995 0.827333
0.648995 0.825667
0.649995 0.824833
0.650995 0.822833
0.651995 0.820333
0.652995 0.819333
0.653995 0.818
0.654995 0.8165
0.655995 0.815667
0.656995 0.814167
0.657995 0.8125
0.658995 0.811333
0.659995 0.81
0.660995 0.808333
0.661995 0.807167
0.662995 0.805667
0.663995 0.804167
0.664995 0.803333
0.665995 0.802167
0.666995 0.800333
0.667995 0.799
0.668995 0.796833
0.669995 0.795
0.670995 0.794667
0.671995 0.793333
0.672995 0.792833
0.673995 0.791
0.674995 0.7895
0.675995 0.787667
0.676995 0.785833
0.677995 0.783667
0.678995 0.7815
0.679995 0.779167
0.680995 0.776833
0.681995 0.7735
0.682995 0.771833
0.683995 0.769833
0.684995 0.768667
0.685995 0.766333
0.686995 0.7645
0.687995 0.763
0.688995 0.761167
0.689995 0.760333
0.690995 0.758167
0.691995 0.756167
0.692995 0.753833
0.693995 0.751167
0.694995 0.749667
0.695995 0.748
0.696995 0.7465
0.697995 0.744333
0.698995 0.743333
0.699995 0.741167
0.700995 0.74
0.701995 0.737833
0.702995 0.735167
0.703995 0.732833
0.704994 0.730833
0.705994 0.729167
0.706994 0.727833
0.707994 0.725333
0.708994 0.723333
0.709994 0.721667
0.710994 0.7185
0.711994 0.717167
0.712994 0.715667
0.713994 0.713167
0.714994 0.712
0.715994 0.710333
0.716994 0.707
0.717994 0.705167
0.718994 0.703667
0.719994 0.7015
0.720994 0.699
0.721994 0.696667
0.722994 0.6945
0.723994 0.692833
0.724994 0.690333
0.725994 0.689
0.726994 0.6875
0.727994 0.6865
0.728994 0.685333
0.729994 0.6845
0.730994 0.682333
0.731994 0.680667
0.732994 0.679167
0.733994 0.677333
0.734994 0.675167
0.735994 0.673667
0.736994 0.672
0.737994 0.670333
0.738994 0.667833
0.739994 0.666
0.740994 0.663833
0.741994 0.6625
0.742994 0.660833
0.743994 0.660167
0.744994 0.658333
0.745994 0.655833
0.746994 0.653833
0.747994 0.652333
0.748994 0.651333
0.749994 0.65
0.750994 0.649167
0.751994 0.6475
0.752994 0.646167
0.753994 0.644
0.754994 0.641833
0.755994 0.640333
0.756994 0.638833
0.757994 0.637833
0.758994 0.637333
0.759994 0.635333
0.760994 0.633333
0.761994 0.631667
0.762994 0.63
0.763994 0.629167
0.764994 0.628167
0.765994 0.627167
0.766994 0.626167
0.767994 0.624
0.768994 0.6225
0.769994 0.621833
0.770994 0.62
0.771994 0.619333
0.772994 0.617333
0.773994 0.616
0.774994 0.613667
0.775994 0.6125
0.776994 0.610667
0.777994 0.609667
0.778994 0.607667
0.779994 0.605667
0.780994 0.6045
0.781994 0.602667
0.782993 0.600833
0.783993 0.5995
0.784993 0.597667
0.785993 0.597
0.786993 0.5945
0.787993 0.593333
0.788993 0.5915
0.789993 0.590333
0.790993 0.588833
0.791993 0.588333
0.792993 0.5865
0.793993 0.584333
0.794993 0.583
0.795993 0.582
0.796993 0.580667
0.797993 0.578833
0.798993 0.577833
0.799993 0.577
0.800993 0.5745
0.801993 0.573333
0.802993 0.571667
0.803993 0.570333
0.804993 0.569833
0.805993 0.568833
0.806993 0.567167
0.807993 0.565167
0.808993 0.563833
0.809993 0.562833
0.810993 0.562
0.811993 0.561167
0.812993 0.559833
0.813993 0.558833
0.814993 0.558
0.815993 0.557
0.816993 0.556
0.817993 0.554667
0.818993 0.554167
0.819993 0.5535
0.820993 0.552
0.821993 0.5515
0.822993 0.549833
0.823993 0.5485
0.824993 0.547167
0.825993 0.545667
0.826993 0.544167
0.827993 0.5435
0.828993 0.543
0.829993 0.541833
0.830993 0.541833
0.831993 0.541167
0.832993 0.540833
0.833993 0.5405
0.834993 0.54
0.835993 0.539833
0.836993 0.538333
0.837993 0.5375
0.838993 0.536833
0.839993 0.536667
0.840993 0.535167
0.841993 0.534333
0.842993 0.5335
0.843993 0.532167
0.844993 0.531667
0.845993 0.5315
0.846993 0.530333
0.847993 0.529333
0.848993 0.5285
0.849993 0.527833
0.850993 0.527333
0.851993 0.526167
0.852993 0.5255
0.853993 0.524667
0.854993 0.524333
0.855993 0.523833
0.856993 0.522167
0.857993 0.521333
0.858993 0.521
0.859993 0.520667
0.860992 0.519667
0.861992 0.5185
0.862992 0.518
0.863992 0.5175
0.864992 0.517
0.865992 0.516167
0.866992 0.516
0.867992 0.515167
0.868992 0.515
0.869992 0.514833
0.870992 0.5145
0.871992 0.514
0.872992 0.5135
0.873992 0.513
0.874992 0.512
0.875992 0.511667
0.876992 0.511333
0.877992 0.511
0.878992 0.510333
0.879992 0.51
0.880992 0.509333
0.881992 0.508833
0.882992 0.508167
0.883992 0.508167
0.884992 0.508167
0.885992 0.507833
0.886992 0.5075
0.887992 0.507333
0.888992 0.507167
0.889992 0.507
0.890992 0.506833
0.891992 0.5065
0.892992 0.5065
0.893992 0.506333
0.894992 0.505667
0.895992 0.5055
0.896992 0.505333
0.897992 0.505167
0.898992 0.504667
0.899992 0.5045
0.900992 0.504333
0.901992 0.504
0.902992 0.503833
0.903992 0.5035
0.904992 0.5035
0.905992 0.503333
0.906992 0.503333
0.907992 0.502667
0.908992 0.502667
0.909992 0.5025
0.910992 0.502
0.911992 0.502
0.912992 0.502
0.913992 0.502
0.914992 0.501833
0.915992 0.501833
0.916992 0.501833
0.917992 0.501667
0.918992 0.501667
0.919992 0.501667
0.920992 0.501667
0.921992 0.501667
0.922992 0.501667
0.923992 0.5015
0.924992 0.5015
0.925992 0.5015
0.926992 0.5015
0.927992 0.5015
0.928992 0.5015
0.929992 0.5015
0.930992 0.501333
0.931992 0.501167
0.932992 0.501167
0.933992 0.501167
0.934992 0.501
0.935992 0.501
0.936992 0.500833
0.937991 0.500833
0.938991 0.500833
0.939991 0.500833
0.940991 0.500833
0.941991 0.500833
0.942991 0.500833
0.943991 0.500667
0.944991 0.500667
0.945991 0.500333
0.946991 0.500333
0.947991 0.500167
0.948991 0.500167
0.949991 0.500167
0.950991 0.500167
0.951991 0.500167
0.952991 0.500167
0.953991 0.500167
0.954991 0.500167
0.955991 0.500167
0.956991 0.500167
0.957991 0.500167
0.958991 0.500167
0.959991 0.500167
0.960991 0.500167
0.961991 0.5
0.962991 0.5
0.963991 0.5
0.964991 0.5
0.965991 0.5
0.966991 0.5
0.967991 0.5
0.968991 0.5
0.969991 0.5
0.970991 0.5
0.971991 0.5
0.972991 0.5
0.973991 0.5
0.974991 0.5
0.975991 0.5
0.976991 0.5
0.977991 0.5
0.978991 0.5
0.979991 0.5
0.980991 0.5
0.981991 0.5
0.982991 0.5
0.983991 0.5
0.984991 0.5
0.985991 0.5
0.986991 0.5
0.987991 0.5
0.988991 0.5
0.989991 0.5
0.990991 0.5
0.991991 0.5
0.992991 0.5
0.993991 0.5
0.994991 0.5
0.995991 0.5
0.996991 0.5
0.997991 0.5
0.998991 0.5
0.999991 0.5


0.442998 0.979667
