0 0.5
0.001 0.5
0.002 0.5
0.003 0.5
0.004 0.5
0.005 0.5
0.006 0.5
0.007 0.5
0.008 0.5
0.009 0.5
0.01 0.5
0.011 0.5
0.012 0.5
0.013 0.5
0.014 0.5
0.015 0.5
0.016 0.5
0.017 0.5
0.018 0.5
0.019 0.5
0.02 0.5
0.021 0.5
0.022 0.5
0.023 0.5
0.024 0.5
0.025 0.5
0.026 0.5
0.027 0.5
0.028 0.5
0.029 0.5
0.03 0.5
0.031 0.5
0.032 0.5
0.033 0.5
0.034 0.5
0.035 0.5
0.036 0.5
0.037 0.5
0.038 0.5
0.039 0.5
0.04 0.5
0.041 0.5
0.042 0.5
0.043 0.5
0.044 0.5
0.045 0.5
0.046 0.5
0.047 0.5
0.048 0.5
0.049 0.5
0.05 0.5
0.051 0.5
0.052 0.5
0.053 0.5
0.054 0.5
0.055 0.5
0.056 0.5
0.057 0.5
0.058 0.5
0.059 0.5
0.06 0.5
0.061 0.5
0.062 0.5
0.0629999 0.5
0.064 0.5
0.065 0.5
0.066 0.5
0.067 0.5
0.068 0.5
0.069 0.5
0.07 0.5
0.071 0.5
0.072 0.5
0.073 0.5
0.074 0.5
0.075 0.5
0.076 0.5
0.077 0.5
0.078 0.5
0.079 0.5
0.08 0.5
0.081 0.5
0.082 0.5
0.083 0.5
0.084 0.500167
0.085 0.500167
0.086 0.500167
0.087 0.500167
0.088 0.500167
0.089 0.500167
0.09 0.500167
0.091 0.500167
0.092 0.500333
0.093 0.500333
0.094 0.500667
0.095 0.500667
0.096 0.500833
0.097 0.501
0.098 0.501
0.099 0.501333
0.1 0.501333
0.101 0.5015
0.102 0.501833
0.103 0.502
0.104 0.502
0.105 0.502167
0.106 0.502333
0.107 0.5025
0.108 0.502833
0.109 0.503
0.11 0.5035
0.111 0.503667
0.112 0.504
0.113 0.504833
0.114 0.505333
0.115 0.505333
0.116 0.505667
0.117 0.506
0.118 0.506333
0.119 0.506833
0.12 0.5075
0.121 0.508167
0.122 0.508833
0.123 0.5095
0.124 0.510333
0.125 0.511167
0.126 0.5115
0.127 0.512167
0.128 0.512833
0.129 0.513333
0.13 0.514333
0.131 0.514833
0.132 0.516
0.133 0.516667
0.134 0.517167
0.135 0.518333
0.136 0.519667
0.137 0.520833
0.138 0.522333
0.139 0.524167
0.14 0.525167
0.141 0.5265
0.142 0.5275
0.143 0.529
0.144 0.5315
0.145 0.533833
0.146 0.535833
0.147 0.5375
0.148 0.5395
0.149 0.540667
0.15 0.542
0.151 0.544
0.152 0.546667
0.153 0.549167
0.154 0.550833
0.155 0.552667
0.156 0.554
0.157 0.556667
0.158 0.558167
0.159 0.561333
0.16 0.563167
0.161 0.566167
0.162 0.568
0.163 0.572
0.164 0.573667
0.165 0.575667
0.166 0.577833
0.167 0.579833
0.168 0.583
0.169 0.585833
0.17 0.589667
0.171 0.592667
0.172 0.595
0.173 0.597167
0.174 0.601
0.175 0.604
0.176 0.606
0.177 0.608833
0.178 0.612
0.179 0.615
0.18 0.617167
0.181 0.620833
0.182 0.624
0.183 0.627
0.184 0.6295
0.185 0.632
0.186 0.6355
0.187 0.637333
0.188 0.638667
0.189 0.641333
0.19 0.644333
0.191 0.6475
0.192 0.6505
0.193 0.653833
0.194 0.657167
0.195 0.658167
0.196 0.661833
0.197 0.664333
0.198 0.668333
0.199 0.671833
0.2 0.675167
0.201 0.6765
0.202 0.679
0.203 0.681333
0.204 0.686
0.205 0.688667
0.206 0.693
0.207 0.695667
0.208 0.698333
0.209 0.700667
0.21 0.704167
0.211 0.706333
0.212 0.708833
0.213 0.711167
0.214 0.7125
0.215 0.714667
0.216 0.717333
0.217 0.720333
0.218 0.722833
0.219 0.724667
0.22 0.727333
0.221 0.728833
0.222 0.730833
0.223 0.7335
0.224 0.7365
0.225 0.739333
0.226 0.741333
0.227 0.743167
0.228 0.746167
0.229 0.749667
0.23 0.753
0.231 0.755167
0.232 0.7575
0.233 0.759167
0.234 0.7615
0.235 0.764667
0.236 0.767
0.237 0.769167
0.238 0.770833
0.239 0.7725
0.24 0.7745
0.241 0.776833
0.242 0.779
0.243 0.7805
0.244 0.782167
0.245 0.7855
0.246 0.7885
0.247 0.7915
0.248 0.794167
0.249 0.795833
0.25 0.797833
0.251 0.801
0.252 0.8025
0.253 0.805333
0.254 0.8075
0.255 0.808833
0.256 0.811333
0.257 0.8135
0.258 0.814833
0.259 0.8165
0.26 0.817667
0.261 0.820667
0.262 0.823
0.263 0.824333
0.264 0.825833
0.265 0.827167
0.266 0.829667
0.267 0.830833
0.268 0.832333
0.269 0.833
0.27 0.834167
0.271 0.8365
0.272 0.8385
0.273 0.841667
0.274 0.843167
0.275 0.845667
0.276 0.847333
0.277 0.849167
0.278 0.851333
0.279 0.852667
0.28 0.853833
0.281 0.8545
0.282 0.856167
0.283 0.8575
0.284 0.858167
0.285 0.8595
0.286 0.860333
0.287 0.862167
0.288 0.8635
0.289 0.8655
0.29 0.866833
0.291 0.867667
0.292 0.868167
0.293 0.869167
0.294 0.869833
0.295 0.871
0.296 0.872167
0.297 0.8735
0.298 0.874833
0.299 0.875667
0.3 0.876833
0.301 0.877667
0.302 0.8795
0.303 0.880167
0.304 0.881667
0.305 0.882167
0.306 0.883
0.307 0.8835
0.308 0.8855
0.309 0.887167
0.31 0.888833
0.311 0.8905
0.312 0.891333
0.313 0.891667
0.314 0.893167
0.314999 0.894167
0.315999 0.894833
0.316999 0.896167
0.317999 0.897167
0.318999 0.8985
0.319999 0.899
0.320999 0.900167
0.321999 0.901
0.322999 0.901833
0.323999 0.902667
0.324999 0.904
0.325999 0.905333
0.326999 0.9065
0.327999 0.9075
0.328999 0.909167
0.329999 0.909667
0.330999 0.910167
0.331999 0.910667
0.332999 0.912833
0.333999 0.913667
0.334999 0.914333
0.335999 0.915333
0.336999 0.916167
0.337999 0.9165
0.338999 0.917333
0.339999 0.918
0.340999 0.919
0.341999 0.919333
0.342999 0.920167
0.343999 0.921167
0.344999 0.922
0.345999 0.922667
0.346999 0.923167
0.347999 0.924167
0.348999 0.925167
0.349999 0.925667
0.350999 0.926667
0.351999 0.927667
0.352999 0.9285
0.353999 0.929667
0.354999 0.930333
0.355999 0.931
0.356999 0.931833
0.357999 0.932667
0.358999 0.933333
0.359999 0.934
0.360999 0.934167
0.361999 0.934667
0.362999 0.935
0.363999 0.935833
0.364999 0.936333
0.365999 0.936667
0.366999 0.937167
0.367999 0.937667
0.368999 0.937667
0.369999 0.937667
0.370999 0.938667
0.371999 0.939
0.372999 0.9395
0.373999 0.939667
0.374999 0.940167
0.375999 0.940667
0.376999 0.941833
0.377999 0.943167
0.378999 0.943167
0.379999 0.9435
0.380999 0.9445
0.381999 0.945
0.382999 0.945833
0.383999 0.946333
0.384999 0.946833
0.385999 0.947
0.386999 0.947
0.387999 0.947667
0.388999 0.948167
0.389999 0.949167
0.390999 0.949667
0.391998 0.949667
0.392998 0.950167
0.393998 0.9505
0.394998 0.951
0.395998 0.951167
0.396998 0.951833
0.397998 0.9525
0.398998 0.952667
0.399998 0.9535
0.400998 0.954
0.401998 0.953833
0.402998 0.954333
0.403998 0.954167
0.404998 0.954333
0.405998 0.955167
0.406998 0.955833
0.407998 0.955833
0.408998 0.956333
0.409998 0.956167
0.410998 0.956333
0.411998 0.956667
0.412998 0.957
0.413998 0.957167
0.414998 0.957
0.415998 0.956833
0.416998 0.957167
0.417998 0.957667
0.418998 0.957833
0.419998 0.957833
0.420998 0.957833
0.421998 0.958167
0.422998 0.958667
0.423998 0.9585
0.424998 0.958667
0.425998 0.9585
0.426998 0.958833
0.427998 0.959
0.428998 0.959167
0.429998 0.959333
0.430998 0.959
0.431998 0.959167
0.432998 0.9595
0.433998 0.959667
0.434998 0.959833
0.435998 0.959833
0.436998 0.960333
0.437998 0.9605
0.438998 0.960833
0.439998 0.961
0.440998 0.961333
0.441998 0.961667
0.442998 0.962
0.443998 0.9615
0.444998 0.961667
0.445998 0.961667
0.446998 0.961833
0.447998 0.961833
0.448998 0.9615
0.449998 0.9615
0.450998 0.961167
0.451998 0.961167
0.452998 0.961167
0.453998 0.9605
0.454998 0.9605
0.455998 0.960667
0.456998 0.960833
0.457998 0.961333
0.458998 0.961333
0.459998 0.961333
0.460998 0.961167
0.461998 0.961167
0.462998 0.961
0.463998 0.960667
0.464998 0.9605
0.465998 0.96
0.466998 0.959833
0.467998 0.96
0.468998 0.96
0.469997 0.96
0.470997 0.96
0.471997 0.96
0.472997 0.96
0.473997 0.96
0.474997 0.96
0.475997 0.96
0.476997 0.959833
0.477997 0.959833
0.478997 0.959833
0.479997 0.959667
0.480997 0.959667
0.481997 0.9595
0.482997 0.959333
0.483997 0.959167
0.484997 0.959333
0.485997 0.959
0.486997 0.958667
0.487997 0.958667
0.488997 0.958
0.489997 0.958
0.490997 0.957667
0.491997 0.957333
0.492997 0.956833
0.493997 0.956333
0.494997 0.955667
0.495997 0.955333
0.496997 0.955333
0.497997 0.955
0.498997 0.9545
0.499997 0.954333
0.500997 0.954333
0.501997 0.953833
0.502997 0.9535
0.503997 0.9535
0.504997 0.953167
0.505997 0.952833
0.506997 0.952667
0.507997 0.952333
0.508997 0.9515
0.509997 0.9515
0.510997 0.951167
0.511997 0.950833
0.512997 0.950667
0.513997 0.9505
0.514997 0.949667
0.515997 0.949333
0.516997 0.9485
0.517997 0.948
0.518997 0.947333
0.519997 0.946833
0.520997 0.9465
0.521997 0.946167
0.522997 0.945167
0.523997 0.944667
0.524997 0.944167
0.525997 0.9435
0.526997 0.943167
0.527997 0.942833
0.528997 0.9425
0.529997 0.942167
0.530997 0.941833
0.531997 0.941333
0.532997 0.940167
0.533997 0.9395
0.534997 0.938167
0.535997 0.937
0.536997 0.936667
0.537997 0.936
0.538997 0.935
0.539997 0.934333
0.540997 0.933833
0.541997 0.933333
0.542997 0.932667
0.543997 0.932
0.544997 0.931
0.545997 0.930333
0.546997 0.929833
0.547997 0.928833
0.548997 0.928667
0.549996 0.928167
0.550996 0.928
0.551996 0.926667
0.552996 0.925333
0.553996 0.923667
0.554996 0.923167
0.555996 0.921667
0.556996 0.920833
0.557996 0.918667
0.558996 0.917833
0.559996 0.916667
0.560996 0.915667
0.561996 0.915
0.562996 0.913833
0.563996 0.913167
0.564996 0.912667
0.565996 0.911167
0.566996 0.9105
0.567996 0.91
0.568996 0.908833
0.569996 0.908333
0.570996 0.907833
0.571996 0.907333
0.572996 0.9065
0.573996 0.905667
0.574996 0.903833
0.575996 0.902667
0.576996 0.9015
0.577996 0.9005
0.578996 0.8995
0.579996 0.898333
0.580996 0.898
0.581996 0.896667
0.582996 0.895333
0.583996 0.894833
0.584996 0.893333
0.585996 0.892167
0.586996 0.8915
0.587996 0.890333
0.588996 0.889167
0.589996 0.888
0.590996 0.887167
0.591996 0.8855
0.592996 0.884
0.593996 0.883
0.594996 0.882167
0.595996 0.881333
0.596996 0.8805
0.597996 0.879833
0.598996 0.8785
0.599996 0.877
0.600996 0.876833
0.601996 0.875833
0.602996 0.874667
0.603996 0.874167
0.604996 0.872333
0.605996 0.8715
0.606996 0.8705
0.607996 0.869
0.608996 0.868167
0.609996 0.867167
0.610996 0.865833
0.611996 0.8645
0.612996 0.8635
0.613996 0.861833
0.614996 0.8605
0.615996 0.8595
0.616996 0.858333
0.617996 0.856667
0.618996 0.855333
0.619996 0.853667
0.620996 0.852167
0.621996 0.849833
0.622996 0.8475
0.623996 0.845833
0.624996 0.845
0.625996 0.844
0.626996 0.842833
0.627995 0.841833
0.628995 0.840667
0.629995 0.839667
0.630995 0.8385
0.631995 0.837333
0.632995 0.836167
0.633995 0.834833
0.634995 0.833
0.635995 0.831167
0.636995 0.829667
0.637995 0.828667
0.638995 0.827833
0.639995 0.826667
0.640995 0.8245
0.641995 0.822333
0.642995 0.821
0.643995 0.819833
0.644995 0.817833
0.645995 0.816833
0.646995 0.815167
0.647995 0.8135
0.648995 0.811833
0.649995 0.811
0.650995 0.809
0.651995 0.8065
0.652995 0.8055
0.653995 0.804333
0.654995 0.802833
0.655995 0.802
0.656995 0.8005
0.657995 0.798833
0.658995 0.797667
0.659995 0.7965
0.660995 0.795
0.661995 0.793833
0.662995 0.7925
0.663995 0.791
0.664995 0.790167
0.665995 0.789
0.666995 0.787167
0.667995 0.785833
0.668995 0.783833
0.669995 0.782
0.670995 0.781667
0.671995 0.7805
0.672995 0.78
0.673995 0.778167
0.674995 0.776833
0.675995 0.775167
0.676995 0.773333
0.677995 0.771167
0.678995 0.769
0.679995 0.766667
0.680995 0.7645
0.681995 0.761333
0.682995 0.759833
0.683995 0.757833
0.684995 0.756667
0.685995 0.754333
0.686995 0.7525
0.687995 0.751
0.688995 0.749167
0.689995 0.748333
0.690995 0.746333
0.691995 0.744333
0.692995 0.742167
0.693995 0.7395
0.694995 0.738
0.695995 0.736333
0.696995 0.735
0.697995 0.733
0.698995 0.732
0.699995 0.729833
0.700995 0.728667
0.701995 0.7265
0.702995 0.724
0.703995 0.721667
0.704994 0.719667
0.705994 0.718
0.706994 0.716833
0.707994 0.714333
0.708994 0.712333
0.709994 0.710667
0.710994 0.707667
0.711994 0.706333
0.712994 0.704833
0.713994 0.702333
0.714994 0.701167
0.715994 0.699667
0.716994 0.696333
0.717994 0.6945
0.718994 0.693
0.719994 0.691
0.720994 0.6885
0.721994 0.6865
0.722994 0.684333
0.723994 0.682833
0.724994 0.6805
0.725994 0.679667
0.726994 0.678333
0.727994 0.677333
0.728994 0.676167
0.729994 0.675333
0.730994 0.6735
0.731994 0.671833
0.732994 0.6705
0.733994 0.669167
0.734994 0.667167
0.735994 0.665667
0.736994 0.664167
0.737994 0.662667
0.738994 0.660167
0.739994 0.658333
0.740994 0.656333
0.741994 0.655167
0.742994 0.653667
0.743994 0.653167
0.744994 0.651667
0.745994 0.6495
0.746994 0.647667
0.747994 0.646167
0.748994 0.645167
0.749994 0.643833
0.750994 0.643
0.751994 0.6415
0.752994 0.640167
0.753994 0.638167
0.754994 0.636
0.755994 0.6345
0.756994 0.633167
0.757994 0.632167
0.758994 0.631833
0.759994 0.629833
0.760994 0.627833
0.761994 0.626167
0.762994 0.624667
0.763994 0.623833
0.764994 0.623
0.765994 0.622
0.766994 0.621
0.767994 0.618833
0.768994 0.6175
0.769994 0.616833
0.770994 0.615
0.771994 0.614333
0.772994 0.612667
0.773994 0.611333
0.774994 0.609
0.775994 0.607833
0.776994 0.606
0.777994 0.605
0.778994 0.603167
0.779994 0.601167
0.780994 0.6
0.781994 0.598333
0.782993 0.5965
0.783993 0.595167
0.784993 0.593333
0.785993 0.592667
0.786993 0.590333
0.787993 0.589167
0.788993 0.5875
0.789993 0.586333
0.790993 0.585
0.791993 0.5845
0.792993 0.582833
0.793993 0.581
0.794993 0.579833
0.795993 0.578833
0.796993 0.5775
0.797993 0.575667
0.798993 0.574833
0.799993 0.574
0.800993 0.572167
0.801993 0.571167
0.802993 0.5695
0.803993 0.568167
0.804993 0.567667
0.805993 0.566667
0.806993 0.565
0.807993 0.563
0.808993 0.561833
0.809993 0.560833
0.810993 0.56
0.811993 0.559167
0.812993 0.557833
0.813993 0.556833
0.814993 0.556
0.815993 0.555
0.816993 0.554167
0.817993 0.552833
0.818993 0.552333
0.819993 0.551667
0.820993 0.550167
0.821993 0.549667
0.822993 0.548
0.823993 0.546667
0.824993 0.545333
0.825993 0.543833
0.826993 0.542333
0.827993 0.541667
0.828993 0.541167
0.829993 0.540167
0.830993 0.540167
0.831993 0.5395
0.832993 0.539167
0.833993 0.538833
0.834993 0.538333
0.835993 0.538167
0.836993 0.536667
0.837993 0.535833
0.838993 0.535167
0.839993 0.535
0.840993 0.5335
0.841993 0.532667
0.842993 0.531833
0.843993 0.5305
0.844993 0.53
0.845993 0.529833
0.846993 0.528667
0.847993 0.527667
0.848993 0.526833
0.849993 0.526167
0.850993 0.525667
0.851993 0.5245
0.852993 0.523833
0.853993 0.523
0.854993 0.522667
0.855993 0.522167
0.856993 0.520667
0.857993 0.519833
0.858993 0.5195
0.859993 0.519167
0.860992 0.518167
0.861992 0.517
0.862992 0.5165
0.863992 0.516167
0.864992 0.515667
0.865992 0.514833
0.866992 0.514667
0.867992 0.513833
0.868992 0.513833
0.869992 0.513667
0.870992 0.5135
0.871992 0.513
0.872992 0.512667
0.873992 0.512167
0.874992 0.511167
0.875992 0.510833
0.876992 0.5105
0.877992 0.510167
0.878992 0.5095
0.879992 0.509167
0.880992 0.5085
0.881992 0.508167
0.882992 0.5075
0.883992 0.5075
0.884992 0.5075
0.885992 0.507167
0.886992 0.506833
0.887992 0.506667
0.888992 0.5065
0.889992 0.506333
0.890992 0.506333
0.891992 0.506
0.892992 0.506
0.893992 0.505833
0.894992 0.505333
0.895992 0.505167
0.896992 0.505
0.897992 0.504833
0.898992 0.5045
0.899992 0.504333
0.900992 0.504167
0.901992 0.503833
0.902992 0.503667
0.903992 0.503333
0.904992 0.503333
0.905992 0.503167
0.906992 0.503167
0.907992 0.5025
0.908992 0.5025
0.909992 0.5025
0.910992 0.502
0.911992 0.502
0.912992 0.502
0.913992 0.502
0.914992 0.501833
0.915992 0.501833
0.916992 0.501833
0.917992 0.501667
0.918992 0.501667
0.919992 0.501667
0.920992 0.501667
0.921992 0.501667
0.922992 0.501667
0.923992 0.5015
0.924992 0.5015
0.925992 0.5015
0.926992 0.5015
0.927992 0.5015
0.928992 0.5015
0.929992 0.5015
0.930992 0.501333
0.931992 0.501167
0.932992 0.501167
0.933992 0.501167
0.934992 0.501
0.935992 0.501
0.936992 0.500833
0.937991 0.500833
0.938991 0.500833
0.939991 0.500833
0.940991 0.500833
0.941991 0.500833
0.942991 0.500833
0.943991 0.500667
0.944991 0.500667
0.945991 0.500333
0.946991 0.500333
0.947991 0.500167
0.948991 0.500167
0.949991 0.500167
0.950991 0.500167
0.951991 0.500167
0.952991 0.500167
0.953991 0.500167
0.954991 0.500167
0.955991 0.500167
0.956991 0.500167
0.957991 0.500167
0.958991 0.500167
0.959991 0.500167
0.960991 0.500167
0.961991 0.5
0.962991 0.5
0.963991 0.5
0.964991 0.5
0.965991 0.5
0.966991 0.5
0.967991 0.5
0.968991 0.5
0.969991 0.5
0.970991 0.5
0.971991 0.5
0.972991 0.5
0.973991 0.5
0.974991 0.5
0.975991 0.5
0.976991 0.5
0.977991 0.5
0.978991 0.5
0.979991 0.5
0.980991 0.5
0.981991 0.5
0.982991 0.5
0.983991 0.5
0.984991 0.5
0.985991 0.5
0.986991 0.5
0.987991 0.5
0.988991 0.5
0.989991 0.5
0.990991 0.5
0.991991 0.5
0.992991 0.5
0.993991 0.5
0.994991 0.5
0.995991 0.5
0.996991 0.5
0.997991 0.5
0.998991 0.5
0.999991 0.5


0.442998 0.962
