1 1
1 1
1 1
1 1
1 1
1 1
1 1
1 1
1 1
1 1
1 1
1 1
1 1
1 1
1 1
1 1
1 1
1 1
1 1
1 1
1 1
1 1
1 1
1 1
1 1
1 1
1 1
1 1
1 1
1 1
1 1
1 1
1 1
1 1
1 1
1 1
1 1
1 1
1 1
1 1
1 1
1 1
1 1
1 1
1 1
1 1
1 1
1 1
1 1
1 1
1 1
1 1
1 1
1 1
1 1
1 1
1 1
1 1
1 1
1 1
1 1
1 1
1 1
1 1
1 1
1 1
1 1
1 1
1 1
1 1
1 1
1 1
1 1
1 1
1 1
1 1
1 1
1 1
1 1
1 1
1 1
1 1
1 1
1 1
1 0.999667
1 0.999667
1 0.999667
1 0.999667
1 0.999667
1 0.999667
1 0.999667
1 0.999667
1 0.999333
1 0.999333
1 0.998667
1 0.998667
1 0.998333
1 0.998
1 0.998
1 0.997333
1 0.997333
1 0.997
1 0.996333
1 0.996
1 0.996
1 0.995667
1 0.995333
1 0.995
1 0.994333
1 0.994
1 0.993
1 0.992667
1 0.992
1 0.990333
1 0.989333
1 0.989333
1 0.988667
1 0.988
1 0.987333
1 0.986333
1 0.985
1 0.983667
1 0.982333
1 0.981
1 0.979333
1 0.977667
1 0.977
1 0.975333
1 0.974
1 0.973
1 0.971
1 0.969667
1 0.967333
1 0.966
1 0.965
1 0.962667
1 0.959667
1 0.956667
1 0.953667
1 0.95
1 0.948
1 0.945333
1 0.943333
1 0.940333
1 0.935333
1 0.930667
1 0.927
1 0.923667
1 0.919667
1 0.917333
1 0.914667
1 0.910333
1 0.905
1 0.9
1 0.896667
1 0.893
1 0.890333
1 0.884667
1 0.881
1 0.874667
1 0.871
1 0.865
1 0.861
1 0.853
1 0.849333
1 0.845333
1 0.841
1 0.837
1 0.830667
1 0.825
1 0.817333
1 0.811
0.999667 0.806
0.999667 0.801667
0.999667 0.794
0.999667 0.787667
0.999667 0.783667
0.999667 0.777667
0.999667 0.770667
0.999667 0.764667
0.999667 0.760667
0.999667 0.753333
0.999667 0.746667
0.999667 0.740667
0.999667 0.735333
0.999667 0.73
0.999667 0.723
0.999667 0.719333
0.999667 0.716667
0.999333 0.710667
0.999333 0.704333
0.999333 0.697667
0.999333 0.691333
0.999333 0.684333
0.999333 0.678
0.999333 0.675667
0.999333 0.668333
0.999333 0.663
0.999333 0.655
0.999333 0.647667
0.999333 0.640667
0.999333 0.637667
0.999333 0.632333
0.999333 0.627667
0.999333 0.618
0.999333 0.612667
0.999333 0.603667
0.999333 0.598333
0.999333 0.592667
0.999333 0.588
0.999333 0.581
0.999333 0.576667
0.999333 0.571667
0.999333 0.567
0.999333 0.564
0.999333 0.559
0.999333 0.553333
0.999333 0.547333
0.999333 0.541667
0.999333 0.538
0.999333 0.532667
0.999333 0.529667
0.999333 0.525333
0.999333 0.519667
0.999333 0.513667
0.999333 0.507667
0.999333 0.503
0.999333 0.498333
0.999333 0.492333
0.999333 0.485333
0.999333 0.478667
0.999333 0.473667
0.999333 0.468
0.999333 0.464333
0.999333 0.459333
0.999333 0.453
0.999333 0.448
0.999333 0.443667
0.999333 0.440333
0.999333 0.437
0.999333 0.432333
0.999333 0.427667
0.999333 0.423333
0.999333 0.42
0.999333 0.416667
0.999333 0.41
0.999333 0.403667
0.999333 0.397667
0.999333 0.392333
0.999333 0.389333
0.999333 0.385667
0.999333 0.379
0.999333 0.375667
0.999333 0.369667
0.999333 0.365333
0.999333 0.363
0.999333 0.358
0.999 0.353333
0.999 0.35
0.999 0.346667
0.999 0.344333
0.999 0.338333
0.999 0.333333
0.999 0.330333
0.999 0.327333
0.999 0.323667
0.999 0.318667
0.999 0.316333
0.999 0.312667
0.999 0.310667
0.999 0.308333
0.999 0.304
0.999 0.299667
0.999 0.293333
0.999 0.290333
0.999 0.285667
0.999 0.282333
0.999 0.278333
0.999 0.274
0.999 0.271
0.999 0.268667
0.999 0.266667
0.999 0.263333
0.999 0.260667
0.999 0.258667
0.999 0.256
0.999 0.254333
0.999 0.25
0.999 0.247
0.999 0.243
0.999 0.24
0.999 0.238
0.999 0.236667
0.999 0.234667
0.999 0.233333
0.999 0.231
0.999 0.228667
0.999 0.226
0.999 0.223667
0.998667 0.221333
0.998667 0.219
0.998667 0.216667
0.998667 0.212667
0.998667 0.211333
0.998667 0.208333
0.998667 0.207333
0.998667 0.205
0.998667 0.203667
0.998667 0.199667
0.998667 0.196333
0.998667 0.192667
0.998667 0.189333
0.998667 0.187333
0.998333 0.186333
0.998333 0.183
0.998333 0.181333
0.998333 0.18
0.998333 0.177667
0.998 0.175333
0.998 0.172333
0.998 0.171333
0.998 0.169
0.997667 0.167
0.997333 0.165
0.997333 0.163
0.997333 0.16
0.997333 0.157
0.997333 0.154667
0.997333 0.152667
0.997333 0.149
0.997 0.147667
0.997 0.146667
0.997 0.145667
0.997 0.141333
0.996667 0.139333
0.996333 0.137
0.996333 0.135
0.996333 0.133333
0.996333 0.132667
0.996 0.130333
0.996 0.129
0.996 0.127
0.996 0.126333
0.995667 0.124667
0.995667 0.122667
0.995667 0.120667
0.995667 0.119333
0.995667 0.118333
0.995667 0.116667
0.995667 0.114667
0.995667 0.113
0.995 0.110333
0.995 0.108333
0.995 0.106667
0.995 0.104333
0.995 0.103
0.994667 0.101333
0.994667 0.0996667
0.994667 0.098
0.994667 0.0966667
0.994667 0.0953333
0.994667 0.095
0.994667 0.094
0.994667 0.093
0.994333 0.0906667
0.994333 0.0896667
0.994333 0.089
0.994 0.0876667
0.993667 0.0863333
0.993333 0.086
0.993333 0.086
0.993333 0.084
0.993333 0.0833333
0.993 0.0816667
0.992667 0.0806667
0.992667 0.0793333
0.992667 0.0783333
0.992667 0.076
0.992667 0.073
0.992 0.0723333
0.991667 0.0713333
0.991667 0.0693333
0.991667 0.0683333
0.991667 0.0666667
0.991667 0.0656667
0.991667 0.0646667
0.991333 0.064
0.990667 0.0633333
0.990333 0.0616667
0.99 0.0603333
0.99 0.058
0.989667 0.057
0.989333 0.0563333
0.989333 0.0553333
0.989 0.0543333
0.988667 0.053
0.988667 0.0526667
0.988667 0.051
0.988667 0.0496667
0.988333 0.049
0.988333 0.0473333
0.988333 0.0463333
0.987667 0.046
0.987667 0.0446667
0.986667 0.044
0.986667 0.0436667
0.986667 0.042
0.986667 0.0406667
0.986667 0.0406667
0.986667 0.0396667
0.986333 0.0396667
0.986 0.039
0.985667 0.038
0.985667 0.0373333
0.985667 0.037
0.985333 0.0366667
0.985 0.0363333
0.985 0.0356667
0.985 0.0346667
0.985 0.0343333
0.985 0.0343333
0.984333 0.0336667
0.984333 0.033
0.984 0.0316667
0.983667 0.0316667
0.983 0.0306667
0.982 0.03
0.982 0.0293333
0.981667 0.0286667
0.981333 0.028
0.980667 0.027
0.979667 0.0266667
0.979667 0.0263333
0.979667 0.0256667
0.979667 0.0253333
0.979333 0.0246667
0.979 0.0243333
0.979 0.0233333
0.978667 0.0226667
0.978667 0.022
0.978333 0.021
0.978 0.02
0.977667 0.019
0.977667 0.0183333
0.976667 0.0183333
0.976333 0.0176667
0.976333 0.0176667
0.976333 0.0173333
0.975667 0.0166667
0.975 0.0166667
0.975 0.0166667
0.974333 0.0166667
0.974333 0.0166667
0.974 0.0163333
0.972667 0.0163333
0.972 0.0156667
0.972 0.0153333
0.972 0.0153333
0.972 0.0143333
0.972 0.0143333
0.971667 0.014
0.971333 0.014
0.971 0.0136667
0.970667 0.0136667
0.969 0.0126667
0.968667 0.0126667
0.967667 0.0126667
0.967667 0.0126667
0.967667 0.0123333
0.967667 0.0123333
0.967667 0.0123333
0.967333 0.012
0.967 0.0116667
0.966333 0.011
0.965667 0.0103333
0.965333 0.0103333
0.965 0.01
0.964 0.00966667
0.963667 0.00933333
0.962667 0.00833333
0.962 0.008
0.962 0.00766667
0.961 0.00733333
0.960667 0.00733333
0.960333 0.00733333
0.959667 0.00633333
0.958667 0.00633333
0.958 0.00633333
0.957667 0.006
0.956333 0.006
0.956 0.00566667
0.955333 0.00566667
0.954333 0.00533333
0.953333 0.00533333
0.952333 0.00533333
0.951 0.00533333
0.950333 0.00533333
0.95 0.005
0.949 0.005
0.948 0.005
0.947333 0.00466667
0.947333 0.00466667
0.946333 0.00466667
0.945667 0.00466667
0.945 0.00433333
0.944333 0.00433333
0.943667 0.00433333
0.943 0.004
0.942 0.004
0.94 0.00366667
0.939667 0.00333333
0.938667 0.003
0.937667 0.003
0.937333 0.003
0.937 0.003
0.935333 0.003
0.934667 0.003
0.933 0.003
0.932 0.003
0.930333 0.003
0.929333 0.003
0.928 0.003
0.927 0.00266667
0.925 0.00266667
0.924 0.00266667
0.923 0.00266667
0.921333 0.00266667
0.92 0.00233333
0.919333 0.00233333
0.918667 0.00233333
0.918 0.00233333
0.917333 0.00233333
0.916333 0.00233333
0.913667 0.002
0.912333 0.002
0.909667 0.002
0.907333 0.002
0.906667 0.002
0.905333 0.002
0.903333 0.002
0.902 0.002
0.901 0.00166667
0.9 0.00166667
0.898667 0.00166667
0.897333 0.00166667
0.895333 0.00166667
0.893667 0.00166667
0.892667 0.00166667
0.890667 0.00166667
0.89 0.00133333
0.889 0.00133333
0.888667 0.00133333
0.886 0.00133333
0.883333 0.00133333
0.88 0.00133333
0.879 0.00133333
0.876 0.00133333
0.874333 0.00133333
0.87 0.00133333
0.868333 0.00133333
0.866 0.00133333
0.864 0.00133333
0.862667 0.00133333
0.860333 0.00133333
0.859 0.00133333
0.858 0.00133333
0.855 0.00133333
0.853667 0.00133333
0.852 0.001
0.849667 0.001
0.848667 0.001
0.847667 0.001
0.846667 0.001
0.845 0.001
0.843333 0.001
0.839667 0.001
0.837333 0.001
0.835 0.001
0.832667 0.001
0.830667 0.001
0.828333 0.001
0.827667 0.001
0.825 0.001
0.822333 0.001
0.821333 0.001
0.818333 0.001
0.816 0.001
0.814667 0.001
0.812 0.000666667
0.809667 0.000666667
0.807 0.000666667
0.805333 0.000666667
0.802 0.000666667
0.798667 0.000666667
0.796667 0.000666667
0.795 0.000666667
0.793333 0.000666667
0.791667 0.000666667
0.790333 0.000666667
0.787667 0.000666667
0.784667 0.000666667
0.784333 0.000666667
0.782333 0.000666667
0.78 0.000666667
0.779 0.000666667
0.775 0.000666667
0.773333 0.000666667
0.771333 0.000666667
0.768333 0.000666667
0.766667 0.000666667
0.764667 0.000666667
0.761667 0.000666667
0.758667 0.000333333
0.756667 0.000333333
0.753333 0.000333333
0.750667 0.000333333
0.748667 0.000333333
0.746333 0.000333333
0.743 0.000333333
0.740333 0.000333333
0.737 0.000333333
0.734 0.000333333
0.729333 0.000333333
0.724667 0.000333333
0.721333 0.000333333
0.719667 0.000333333
0.717667 0.000333333
0.715333 0.000333333
0.713333 0.000333333
0.711 0.000333333
0.708667 0.000333333
0.706333 0.000333333
0.703333 0.000333333
0.701 0.000333333
0.698333 0.000333333
0.694667 0.000333333
0.691 0.000333333
0.688 0.000333333
0.686 0.000333333
0.684333 0.000333333
0.682 0.000333333
0.677667 0.000333333
0.673333 0.000333333
0.670667 0.000333333
0.668333 0.000333333
0.664333 0.000333333
0.662333 0.000333333
0.658333 0.000333333
0.655 0.000333333
0.651667 0.000333333
0.65 0.000333333
0.646 0.000333333
0.641 0.000333333
0.639 0.000333333
0.636333 0.000333333
0.633333 0.000333333
0.631333 0
0.628333 0
0.625 0
0.622667 0
0.62 0
0.616667 0
0.614333 0
0.611333 0
0.608333 0
0.606667 0
0.604333 0
0.600667 0
0.598 0
0.593667 0
0.59 0
0.589333 0
0.586667 0
0.585667 0
0.582 0
0.579 0
0.575333 0
0.571667 0
0.567333 0
0.563 0
0.558333 0
0.553667 0
0.547 0
0.543667 0
0.539667 0
0.537333 0
0.532667 0
0.529 0
0.526 0
0.522333 0
0.520667 0
0.516333 0
0.512333 0
0.507667 0
0.502333 0
0.499333 0
0.496 0
0.493 0
0.488667 0
0.486667 0
0.482333 0
0.48 0
0.475667 0
0.470333 0
0.465667 0
0.461667 0
0.458333 0
0.455667 0
0.450667 0
0.446667 0
0.443333 0
0.437 0
0.434333 0
0.431333 0
0.426333 0
0.424 0
0.420667 0
0.414 0
0.410333 0
0.407333 0
0.403 0
0.398 0
0.393333 0
0.389 0
0.385667 0
0.380667 0
0.378 0
0.375 0
0.373 0
0.370667 0
0.369 0
0.364667 0
0.361333 0
0.358333 0
0.354667 0
0.350333 0
0.347333 0
0.344 0
0.340667 0
0.335667 0
0.332 0
0.327667 0
0.325 0
0.321667 0
0.320333 0
0.316667 0
0.311667 0
0.307667 0
0.304667 0
0.302667 0
0.3 0
0.298333 0
0.295 0
0.292333 0
0.288 0
0.283667 0
0.280667 0
0.277667 0
0.275667 0
0.274667 0
0.270667 0
0.266667 0
0.263333 0
0.26 0
0.258333 0
0.256333 0
0.254333 0
0.252333 0
0.248 0
0.245 0
0.243667 0
0.24 0
0.238667 0
0.234667 0
0.232 0
0.227333 0
0.225 0
0.221333 0
0.219333 0
0.215333 0
0.211333 0
0.209 0
0.205333 0
0.201667 0
0.199 0
0.195333 0
0.194 0
0.189 0
0.186667 0
0.183 0
0.180667 0
0.177667 0
0.176667 0
0.173 0
0.168667 0
0.166 0
0.164 0
0.161333 0
0.157667 0
0.155667 0
0.154 0
0.149 0
0.146667 0
0.143333 0
0.140667 0
0.139667 0
0.137667 0
0.134333 0
0.130333 0
0.127667 0
0.125667 0
0.124 0
0.122333 0
0.119667 0
0.117667 0
0.116 0
0.114 0
0.112 0
0.109333 0
0.108333 0
0.107 0
0.104 0
0.103 0
0.0996667 0
0.097 0
0.0943333 0
0.0913333 0
0.0883333 0
0.087 0
0.086 0
0.0836667 0
0.0836667 0
0.0823333 0
0.0816667 0
0.081 0
0.08 0
0.0796667 0
0.0766667 0
0.075 0
0.0736667 0
0.0733333 0
0.0703333 0
0.0686667 0
0.067 0
0.0643333 0
0.0633333 0
0.063 0
0.0606667 0
0.0586667 0
0.057 0
0.0556667 0
0.0546667 0
0.0523333 0
0.051 0
0.0493333 0
0.0486667 0
0.0476667 0
0.0443333 0
0.0426667 0
0.042 0
0.0413333 0
0.0393333 0
0.037 0
0.036 0
0.035 0
0.034 0
0.0323333 0
0.032 0
0.0303333 0
0.03 0
0.0296667 0
0.029 0
0.028 0
0.027 0
0.026 0
0.024 0
0.0233333 0
0.0226667 0
0.022 0
0.0206667 0
0.02 0
0.0186667 0
0.0176667 0
0.0163333 0
0.0163333 0
0.0163333 0
0.0156667 0
0.015 0
0.0146667 0
0.0143333 0
0.014 0
0.0136667 0
0.013 0
0.013 0
0.0126667 0
0.0113333 0
0.011 0
0.0106667 0
0.0103333 0
0.00933333 0
0.009 0
0.00866667 0
0.008 0
0.00766667 0
0.007 0
0.007 0
0.00666667 0
0.00666667 0
0.00533333 0
0.00533333 0
0.005 0
0.004 0
0.004 0
0.004 0
0.004 0
0.00366667 0
0.00366667 0
0.00366667 0
0.00333333 0
0.00333333 0
0.00333333 0
0.00333333 0
0.00333333 0
0.00333333 0
0.003 0
0.003 0
0.003 0
0.003 0
0.003 0
0.003 0
0.003 0
0.00266667 0
0.00233333 0
0.00233333 0
0.00233333 0
0.002 0
0.002 0
0.00166667 0
0.00166667 0
0.00166667 0
0.00166667 0
0.00166667 0
0.00166667 0
0.00166667 0
0.00133333 0
0.00133333 0
0.000666667 0
0.000666667 0
0.000333333 0
0.000333333 0
0.000333333 0
0.000333333 0
0.000333333 0
0.000333333 0
0.000333333 0
0.000333333 0
0.000333333 0
0.000333333 0
0.000333333 0
0.000333333 0
0.000333333 0
0.000333333 0
0 0
0 0
0 0
0 0
0 0
0 0
0 0
0 0
0 0
0 0
0 0
0 0
0 0
0 0
0 0
0 0
0 0
0 0
0 0
0 0
0 0
0 0
0 0
0 0
0 0
0 0
0 0
0 0
0 0
0 0
0 0
0 0
0 0
0 0
0 0
0 0
0 0
0 0
0 0
