1 1
1 1
1 1
1 1
1 1
1 1
1 1
1 1
1 1
1 1
1 1
1 1
1 1
1 1
1 1
1 1
1 1
1 1
1 1
1 1
1 1
1 1
1 1
1 1
1 1
1 1
1 1
1 1
1 1
1 1
1 1
1 1
1 1
1 1
1 1
1 1
1 1
1 1
1 1
1 1
1 1
1 1
1 1
1 1
1 1
1 1
1 1
1 1
1 1
1 1
1 1
1 1
1 1
1 1
1 1
1 1
1 1
1 1
1 1
1 1
1 1
1 1
1 1
1 1
1 1
1 1
1 1
1 1
1 1
1 1
1 1
1 1
1 1
1 1
1 1
1 1
1 1
1 1
1 1
1 1
1 1
1 1
1 1
1 1
1 0.999667
1 0.999667
1 0.999667
1 0.999667
1 0.999667
1 0.999667
1 0.999667
1 0.999667
1 0.999333
1 0.999333
1 0.998667
1 0.998667
1 0.998333
1 0.998
1 0.998
1 0.997333
1 0.997333
1 0.997
1 0.996333
1 0.996
1 0.996
1 0.995667
1 0.995333
1 0.995
1 0.994333
1 0.994
1 0.993
1 0.992667
1 0.992
1 0.990333
1 0.989333
1 0.989333
1 0.988667
1 0.988
1 0.987333
1 0.986333
1 0.985
1 0.983667
1 0.982333
1 0.981
1 0.979333
1 0.977667
1 0.977
0.999667 0.975333
0.999667 0.974
0.999667 0.973
0.999667 0.971
0.999333 0.969667
0.999333 0.967333
0.999333 0.966
0.999333 0.965
0.999333 0.962667
0.999 0.959667
0.998333 0.956667
0.998333 0.953667
0.998333 0.95
0.998333 0.948
0.998333 0.945333
0.998333 0.943333
0.998333 0.940333
0.998333 0.935333
0.998333 0.930667
0.998333 0.926667
0.998333 0.923333
0.998333 0.919333
0.998333 0.917
0.998333 0.914333
0.998333 0.910333
0.998333 0.905
0.998333 0.9
0.998333 0.896667
0.998333 0.893
0.998333 0.890333
0.998 0.884667
0.997333 0.881
0.997333 0.874667
0.997333 0.871
0.997333 0.865
0.997 0.861
0.997 0.853
0.997 0.849667
0.997 0.845667
0.997 0.841333
0.997 0.837333
0.997 0.831
0.997 0.825333
0.997 0.817667
0.996667 0.811333
0.996333 0.806333
0.996333 0.802
0.996333 0.794333
0.996333 0.788333
0.996333 0.784333
0.996 0.778333
0.995333 0.771333
0.995333 0.765333
0.995333 0.761
0.995333 0.753667
0.995 0.747
0.995 0.741
0.994667 0.735667
0.994333 0.730333
0.994333 0.723333
0.994333 0.719667
0.994333 0.717
0.993667 0.711
0.993333 0.704667
0.993333 0.698333
0.993 0.692
0.992667 0.685
0.992667 0.678333
0.992333 0.676
0.992333 0.668667
0.992 0.663333
0.992 0.655333
0.991667 0.648
0.991333 0.641
0.991 0.638
0.990667 0.632667
0.990667 0.628
0.990333 0.618333
0.99 0.612667
0.989667 0.603667
0.989667 0.598333
0.989333 0.592667
0.989333 0.588
0.989333 0.581
0.989333 0.576667
0.989333 0.571667
0.989333 0.567
0.989333 0.564333
0.988667 0.559333
0.988667 0.554
0.988667 0.548
0.988 0.542333
0.988 0.538667
0.988 0.533333
0.988 0.530333
0.987667 0.526
0.987667 0.520667
0.987667 0.514667
0.987333 0.508667
0.986667 0.504
0.986333 0.5
0.986333 0.494
0.986333 0.487
0.986333 0.480333
0.985667 0.475333
0.984667 0.469667
0.984333 0.466
0.984333 0.461333
0.984333 0.455
0.984 0.45
0.984 0.445667
0.984 0.442333
0.984 0.439
0.983333 0.434333
0.983333 0.429667
0.983333 0.425333
0.983 0.422
0.983 0.418667
0.983 0.412
0.982667 0.405667
0.982667 0.399667
0.982667 0.394333
0.982667 0.391
0.982667 0.387
0.982333 0.380333
0.982 0.377
0.982 0.371333
0.982 0.367
0.982 0.364333
0.982 0.359333
0.981667 0.354667
0.981 0.351333
0.981 0.348
0.981 0.345667
0.981 0.339667
0.980667 0.334667
0.980333 0.331667
0.980333 0.328667
0.979333 0.325
0.979333 0.32
0.979333 0.317667
0.978667 0.314
0.978 0.312
0.978 0.309667
0.978 0.305
0.977667 0.300667
0.977667 0.294333
0.977667 0.291333
0.977667 0.286333
0.977667 0.283
0.977333 0.279
0.977333 0.274667
0.977 0.271667
0.977 0.269333
0.976333 0.267333
0.976333 0.264
0.976333 0.261333
0.975667 0.259333
0.975667 0.256667
0.975667 0.255
0.975 0.250667
0.975 0.248
0.975 0.244
0.974667 0.241
0.974333 0.239
0.974 0.237667
0.974 0.235667
0.974 0.234333
0.974 0.232
0.974 0.229667
0.974 0.227
0.974 0.224333
0.973333 0.222
0.973333 0.219667
0.972667 0.217333
0.972667 0.213667
0.972667 0.212333
0.972667 0.209333
0.972667 0.208333
0.972 0.206
0.971333 0.204333
0.971333 0.200333
0.971333 0.197
0.971 0.193333
0.971 0.19
0.970667 0.188
0.970333 0.187
0.970333 0.184
0.970333 0.182
0.970333 0.180667
0.970333 0.178
0.97 0.175667
0.969667 0.172667
0.969667 0.171667
0.969667 0.169333
0.969333 0.167333
0.969 0.165333
0.968667 0.163333
0.968333 0.160333
0.968 0.157333
0.968 0.155
0.968 0.153
0.968 0.149667
0.967667 0.148333
0.967667 0.147333
0.967667 0.146333
0.967667 0.142
0.967333 0.14
0.966667 0.138
0.966667 0.136
0.966667 0.134333
0.966667 0.133667
0.966 0.131333
0.965667 0.129667
0.965667 0.127667
0.965667 0.127
0.965333 0.125
0.965333 0.123
0.965 0.121
0.965 0.119667
0.965 0.118667
0.965 0.116667
0.965 0.114667
0.964333 0.113
0.963667 0.110333
0.963667 0.108333
0.963667 0.106667
0.963667 0.104333
0.963667 0.103
0.963333 0.101333
0.963333 0.0996667
0.963333 0.098
0.963333 0.0966667
0.963333 0.0953333
0.963333 0.095
0.963333 0.094
0.963 0.093
0.962333 0.0906667
0.962333 0.0896667
0.962333 0.089
0.962 0.0876667
0.961667 0.0863333
0.961333 0.086
0.961333 0.086
0.961333 0.084
0.961333 0.0833333
0.960667 0.0816667
0.96 0.0806667
0.959667 0.0793333
0.959667 0.0783333
0.959667 0.076
0.959667 0.0733333
0.959 0.0726667
0.958667 0.0716667
0.958667 0.0696667
0.958667 0.0686667
0.958667 0.067
0.958667 0.066
0.958667 0.065
0.958333 0.0643333
0.957667 0.0636667
0.957333 0.062
0.957 0.0606667
0.956667 0.0583333
0.956667 0.0573333
0.956 0.0566667
0.956 0.0556667
0.955667 0.0546667
0.955333 0.0533333
0.955333 0.053
0.955 0.0513333
0.955 0.05
0.954667 0.0493333
0.954667 0.0476667
0.954667 0.0466667
0.954 0.0463333
0.953667 0.045
0.952667 0.0443333
0.952667 0.044
0.952667 0.0423333
0.952667 0.041
0.952667 0.041
0.952667 0.04
0.952333 0.04
0.952 0.0393333
0.951667 0.0383333
0.951667 0.0376667
0.951667 0.0373333
0.951 0.037
0.950333 0.0366667
0.950333 0.036
0.950333 0.035
0.950333 0.0346667
0.950333 0.0346667
0.949667 0.034
0.949667 0.0333333
0.949333 0.032
0.949 0.032
0.948333 0.031
0.947333 0.0303333
0.947333 0.0296667
0.947 0.029
0.946667 0.0283333
0.946 0.0273333
0.945 0.027
0.945 0.0266667
0.945 0.026
0.945 0.0256667
0.944667 0.025
0.944333 0.0246667
0.944333 0.0236667
0.943667 0.0226667
0.943667 0.022
0.943 0.021
0.942667 0.02
0.942333 0.019
0.942333 0.0183333
0.941333 0.0183333
0.941 0.0176667
0.941 0.0176667
0.941 0.0173333
0.940333 0.0166667
0.939667 0.0166667
0.939667 0.0166667
0.939 0.0166667
0.939 0.0166667
0.938667 0.0163333
0.937333 0.0163333
0.936667 0.0156667
0.936667 0.0153333
0.936667 0.015
0.936667 0.014
0.936667 0.014
0.936333 0.0136667
0.936 0.0136667
0.935667 0.0133333
0.935333 0.0133333
0.933667 0.0123333
0.933333 0.0123333
0.932333 0.0123333
0.932 0.0123333
0.932 0.012
0.932 0.012
0.932 0.012
0.931667 0.0116667
0.931333 0.0113333
0.930667 0.0106667
0.93 0.01
0.93 0.01
0.929667 0.00966667
0.929 0.00933333
0.928667 0.009
0.927667 0.008
0.927 0.00766667
0.927 0.00766667
0.926333 0.00733333
0.926 0.00733333
0.925667 0.00733333
0.925 0.00633333
0.924333 0.00633333
0.923667 0.00633333
0.923333 0.006
0.922 0.006
0.921667 0.00566667
0.921 0.00566667
0.92 0.00533333
0.919 0.00533333
0.918 0.00533333
0.916667 0.00533333
0.916 0.00533333
0.915667 0.005
0.915 0.005
0.914 0.005
0.913333 0.00466667
0.913333 0.00466667
0.912333 0.00466667
0.911667 0.00466667
0.911333 0.00433333
0.910667 0.00433333
0.91 0.00433333
0.909333 0.004
0.908667 0.004
0.906667 0.00366667
0.906333 0.00333333
0.905333 0.003
0.904667 0.003
0.904333 0.003
0.904 0.003
0.902333 0.003
0.901667 0.003
0.9 0.003
0.899 0.003
0.897667 0.003
0.896667 0.003
0.896 0.003
0.895 0.00266667
0.893 0.00266667
0.892 0.00266667
0.891 0.00266667
0.889667 0.00266667
0.888667 0.00233333
0.888 0.00233333
0.887333 0.00233333
0.886667 0.00233333
0.886 0.00233333
0.885 0.00233333
0.882333 0.002
0.881 0.002
0.878333 0.002
0.876 0.002
0.875333 0.002
0.874 0.002
0.872 0.002
0.870667 0.002
0.869333 0.00166667
0.868333 0.00166667
0.867 0.00166667
0.865667 0.00166667
0.863667 0.00166667
0.862333 0.00166667
0.861333 0.00166667
0.859333 0.00166667
0.858667 0.00133333
0.857667 0.00133333
0.857333 0.00133333
0.854667 0.00133333
0.852 0.00133333
0.848667 0.00133333
0.847667 0.00133333
0.844667 0.00133333
0.843 0.00133333
0.838667 0.00133333
0.837 0.00133333
0.834667 0.00133333
0.832667 0.00133333
0.831333 0.00133333
0.829 0.00133333
0.827667 0.00133333
0.826667 0.00133333
0.823667 0.00133333
0.822333 0.00133333
0.821 0.001
0.818667 0.001
0.817667 0.001
0.816667 0.001
0.815667 0.001
0.814 0.001
0.812333 0.001
0.808667 0.001
0.806333 0.001
0.804 0.001
0.802 0.001
0.8 0.001
0.797667 0.001
0.797 0.001
0.794333 0.001
0.791667 0.001
0.790667 0.001
0.787667 0.001
0.785333 0.001
0.784 0.001
0.781333 0.000666667
0.779 0.000666667
0.776667 0.000666667
0.775 0.000666667
0.771667 0.000666667
0.768667 0.000666667
0.766667 0.000666667
0.765 0.000666667
0.763333 0.000666667
0.761667 0.000666667
0.760333 0.000666667
0.757667 0.000666667
0.754667 0.000666667
0.754333 0.000666667
0.752333 0.000666667
0.75 0.000666667
0.749 0.000666667
0.745333 0.000666667
0.743667 0.000666667
0.741667 0.000666667
0.738667 0.000666667
0.737 0.000666667
0.735 0.000666667
0.732333 0.000666667
0.729333 0.000333333
0.727333 0.000333333
0.724 0.000333333
0.721333 0.000333333
0.719333 0.000333333
0.717 0.000333333
0.713667 0.000333333
0.711 0.000333333
0.707667 0.000333333
0.704667 0.000333333
0.7 0.000333333
0.695333 0.000333333
0.692 0.000333333
0.690333 0.000333333
0.688333 0.000333333
0.686 0.000333333
0.684 0.000333333
0.681667 0.000333333
0.679667 0.000333333
0.677333 0.000333333
0.675 0.000333333
0.672667 0.000333333
0.67 0.000333333
0.666333 0.000333333
0.662667 0.000333333
0.659667 0.000333333
0.657667 0.000333333
0.656 0.000333333
0.653667 0.000333333
0.649333 0.000333333
0.645 0.000333333
0.642333 0.000333333
0.64 0.000333333
0.636 0.000333333
0.634 0.000333333
0.630667 0.000333333
0.627333 0.000333333
0.624 0.000333333
0.622333 0.000333333
0.618333 0.000333333
0.613333 0.000333333
0.611333 0.000333333
0.609 0.000333333
0.606 0.000333333
0.604 0
0.601 0
0.597667 0
0.595333 0
0.593 0
0.59 0
0.587667 0
0.585 0
0.582 0
0.580333 0
0.578 0
0.574333 0
0.571667 0
0.567667 0
0.564 0
0.563333 0
0.561 0
0.56 0
0.556333 0
0.553667 0
0.550333 0
0.546667 0
0.542333 0
0.538 0
0.533333 0
0.529 0
0.522667 0
0.519667 0
0.515667 0
0.513333 0
0.508667 0
0.505 0
0.502 0
0.498333 0
0.496667 0
0.492667 0
0.488667 0
0.484333 0
0.479 0
0.476 0
0.472667 0
0.47 0
0.466 0
0.464 0
0.459667 0
0.457333 0
0.453 0
0.448 0
0.443333 0
0.439333 0
0.436 0
0.433667 0
0.428667 0
0.424667 0
0.421333 0
0.415333 0
0.412667 0
0.409667 0
0.404667 0
0.402333 0
0.399333 0
0.392667 0
0.389 0
0.386 0
0.382 0
0.377 0
0.373 0
0.368667 0
0.365667 0
0.361 0
0.359333 0
0.356667 0
0.354667 0
0.352333 0
0.350667 0
0.347 0
0.343667 0
0.341 0
0.338333 0
0.334333 0
0.331333 0
0.328333 0
0.325333 0
0.320333 0
0.316667 0
0.312667 0
0.310333 0
0.307333 0
0.306333 0
0.303333 0
0.299 0
0.295333 0
0.292333 0
0.290333 0
0.287667 0
0.286 0
0.283 0
0.280333 0
0.276333 0
0.272 0
0.269 0
0.266333 0
0.264333 0
0.263667 0
0.259667 0
0.255667 0
0.252333 0
0.249333 0
0.247667 0
0.246 0
0.244 0
0.242 0
0.237667 0
0.235 0
0.233667 0
0.23 0
0.228667 0
0.225333 0
0.222667 0
0.218 0
0.215667 0
0.212 0
0.21 0
0.206333 0
0.202333 0
0.2 0
0.196667 0
0.193 0
0.190333 0
0.186667 0
0.185333 0
0.180667 0
0.178333 0
0.175 0
0.172667 0
0.17 0
0.169 0
0.165667 0
0.162 0
0.159667 0
0.157667 0
0.155 0
0.151333 0
0.149667 0
0.148 0
0.144333 0
0.142333 0
0.139 0
0.136333 0
0.135333 0
0.133333 0
0.13 0
0.126 0
0.123667 0
0.121667 0
0.12 0
0.118333 0
0.115667 0
0.113667 0
0.112 0
0.11 0
0.108333 0
0.105667 0
0.104667 0
0.103333 0
0.100333 0
0.0993333 0
0.096 0
0.0933333 0
0.0906667 0
0.0876667 0
0.0846667 0
0.0833333 0
0.0823333 0
0.0803333 0
0.0803333 0
0.079 0
0.0783333 0
0.0776667 0
0.0766667 0
0.0763333 0
0.0733333 0
0.0716667 0
0.0703333 0
0.07 0
0.067 0
0.0653333 0
0.0636667 0
0.061 0
0.06 0
0.0596667 0
0.0573333 0
0.0553333 0
0.0536667 0
0.0523333 0
0.0513333 0
0.049 0
0.0476667 0
0.046 0
0.0453333 0
0.0443333 0
0.0413333 0
0.0396667 0
0.039 0
0.0383333 0
0.0363333 0
0.034 0
0.033 0
0.0323333 0
0.0313333 0
0.0296667 0
0.0293333 0
0.0276667 0
0.0276667 0
0.0273333 0
0.027 0
0.026 0
0.0253333 0
0.0243333 0
0.0223333 0
0.0216667 0
0.021 0
0.0203333 0
0.019 0
0.0183333 0
0.017 0
0.0163333 0
0.015 0
0.015 0
0.015 0
0.0143333 0
0.0136667 0
0.0133333 0
0.013 0
0.0126667 0
0.0126667 0
0.012 0
0.012 0
0.0116667 0
0.0106667 0
0.0103333 0
0.01 0
0.00966667 0
0.009 0
0.00866667 0
0.00833333 0
0.00766667 0
0.00733333 0
0.00666667 0
0.00666667 0
0.00633333 0
0.00633333 0
0.005 0
0.005 0
0.005 0
0.004 0
0.004 0
0.004 0
0.004 0
0.00366667 0
0.00366667 0
0.00366667 0
0.00333333 0
0.00333333 0
0.00333333 0
0.00333333 0
0.00333333 0
0.00333333 0
0.003 0
0.003 0
0.003 0
0.003 0
0.003 0
0.003 0
0.003 0
0.00266667 0
0.00233333 0
0.00233333 0
0.00233333 0
0.002 0
0.002 0
0.00166667 0
0.00166667 0
0.00166667 0
0.00166667 0
0.00166667 0
0.00166667 0
0.00166667 0
0.00133333 0
0.00133333 0
0.000666667 0
0.000666667 0
0.000333333 0
0.000333333 0
0.000333333 0
0.000333333 0
0.000333333 0
0.000333333 0
0.000333333 0
0.000333333 0
0.000333333 0
0.000333333 0
0.000333333 0
0.000333333 0
0.000333333 0
0.000333333 0
0 0
0 0
0 0
0 0
0 0
0 0
0 0
0 0
0 0
0 0
0 0
0 0
0 0
0 0
0 0
0 0
0 0
0 0
0 0
0 0
0 0
0 0
0 0
0 0
0 0
0 0
0 0
0 0
0 0
0 0
0 0
0 0
0 0
0 0
0 0
0 0
0 0
0 0
0 0
