0 0.5
0.001 0.5
0.002 0.5
0.003 0.5
0.004 0.5
0.005 0.5
0.006 0.5
0.007 0.5
0.008 0.5
0.009 0.5
0.01 0.5
0.011 0.5
0.012 0.5
0.013 0.5
0.014 0.5
0.015 0.5
0.016 0.5
0.017 0.5
0.018 0.5
0.019 0.5
0.02 0.5
0.021 0.5
0.022 0.5
0.023 0.5
0.024 0.5
0.025 0.5
0.026 0.5
0.027 0.5
0.028 0.5
0.029 0.5
0.03 0.5
0.031 0.5
0.032 0.5
0.033 0.5
0.034 0.5
0.035 0.5
0.036 0.5
0.037 0.5
0.038 0.5
0.039 0.5
0.04 0.5
0.041 0.5
0.042 0.5
0.043 0.5
0.044 0.5
0.045 0.5
0.046 0.5
0.047 0.5
0.048 0.5
0.049 0.5
0.05 0.5
0.051 0.5
0.052 0.5
0.053 0.5
0.054 0.5
0.055 0.5
0.056 0.5
0.057 0.5
0.058 0.5
0.059 0.5
0.06 0.5
0.061 0.5
0.062 0.5
0.0629999 0.5
0.064 0.5
0.065 0.5
0.066 0.5
0.067 0.5
0.068 0.5
0.069 0.5
0.07 0.5
0.071 0.5
0.072 0.5
0.073 0.5
0.074 0.5
0.075 0.5
0.076 0.5
0.077 0.5
0.078 0.5
0.079 0.5
0.08 0.5
0.081 0.5
0.082 0.5
0.083 0.5
0.084 0.500167
0.085 0.500167
0.086 0.500167
0.087 0.500167
0.088 0.500167
0.089 0.500167
0.09 0.500167
0.091 0.500167
0.092 0.500333
0.093 0.500333
0.094 0.500667
0.095 0.500667
0.096 0.500833
0.097 0.501
0.098 0.501
0.099 0.501333
0.1 0.501333
0.101 0.5015
0.102 0.501833
0.103 0.502
0.104 0.502
0.105 0.502167
0.106 0.502333
0.107 0.5025
0.108 0.502833
0.109 0.503
0.11 0.5035
0.111 0.503667
0.112 0.504
0.113 0.504833
0.114 0.505333
0.115 0.505333
0.116 0.505667
0.117 0.506
0.118 0.506333
0.119 0.506833
0.12 0.5075
0.121 0.508167
0.122 0.508833
0.123 0.5095
0.124 0.510333
0.125 0.511167
0.126 0.5115
0.127 0.512333
0.128 0.513
0.129 0.5135
0.13 0.5145
0.131 0.515167
0.132 0.516333
0.133 0.517
0.134 0.5175
0.135 0.518667
0.136 0.520167
0.137 0.5215
0.138 0.523
0.139 0.524833
0.14 0.525833
0.141 0.527167
0.142 0.528167
0.143 0.529667
0.144 0.532167
0.145 0.5345
0.146 0.536333
0.147 0.538
0.148 0.54
0.149 0.541167
0.15 0.5425
0.151 0.544667
0.152 0.547333
0.153 0.549833
0.154 0.5515
0.155 0.553333
0.156 0.554667
0.157 0.5575
0.158 0.559167
0.159 0.562333
0.16 0.564167
0.161 0.567167
0.162 0.569167
0.163 0.573167
0.164 0.575
0.165 0.577
0.166 0.579167
0.167 0.581167
0.168 0.584333
0.169 0.587167
0.17 0.591
0.171 0.594167
0.172 0.5965
0.173 0.598667
0.174 0.6025
0.175 0.605667
0.176 0.607667
0.177 0.610667
0.178 0.614167
0.179 0.617167
0.18 0.619167
0.181 0.622833
0.182 0.626167
0.183 0.629167
0.184 0.631833
0.185 0.6345
0.186 0.638
0.187 0.639833
0.188 0.641167
0.189 0.644
0.19 0.647167
0.191 0.6505
0.192 0.653667
0.193 0.657167
0.194 0.660333
0.195 0.6615
0.196 0.665167
0.197 0.667667
0.198 0.671667
0.199 0.675333
0.2 0.678833
0.201 0.680333
0.202 0.683
0.203 0.685333
0.204 0.690167
0.205 0.692667
0.206 0.697
0.207 0.699667
0.208 0.7025
0.209 0.704667
0.21 0.708167
0.211 0.710333
0.212 0.712833
0.213 0.715167
0.214 0.716667
0.215 0.719167
0.216 0.722
0.217 0.725
0.218 0.727667
0.219 0.7295
0.22 0.732167
0.221 0.733667
0.222 0.735833
0.223 0.738667
0.224 0.741667
0.225 0.744667
0.226 0.747
0.227 0.749333
0.228 0.752333
0.229 0.755833
0.23 0.759167
0.231 0.761667
0.232 0.7645
0.233 0.766333
0.234 0.768833
0.235 0.772
0.236 0.7745
0.237 0.776667
0.238 0.778333
0.239 0.78
0.24 0.782333
0.241 0.784667
0.242 0.786833
0.243 0.7885
0.244 0.790167
0.245 0.7935
0.246 0.796667
0.247 0.799667
0.248 0.802333
0.249 0.803833
0.25 0.805667
0.251 0.809
0.252 0.8105
0.253 0.8135
0.254 0.815667
0.255 0.816833
0.256 0.819333
0.257 0.8215
0.258 0.823167
0.259 0.824833
0.26 0.826
0.261 0.829
0.262 0.8315
0.263 0.833
0.264 0.8345
0.265 0.836333
0.266 0.838833
0.267 0.84
0.268 0.841833
0.269 0.842833
0.27 0.844
0.271 0.846167
0.272 0.848333
0.273 0.8515
0.274 0.853
0.275 0.855333
0.276 0.857
0.277 0.859
0.278 0.861167
0.279 0.862667
0.28 0.863833
0.281 0.864833
0.282 0.8665
0.283 0.867833
0.284 0.868833
0.285 0.870167
0.286 0.871
0.287 0.873
0.288 0.8745
0.289 0.8765
0.29 0.877833
0.291 0.878833
0.292 0.8795
0.293 0.8805
0.294 0.881167
0.295 0.882333
0.296 0.8835
0.297 0.884833
0.298 0.886
0.299 0.887
0.3 0.888167
0.301 0.889333
0.302 0.891333
0.303 0.892
0.304 0.8935
0.305 0.894
0.306 0.895167
0.307 0.895667
0.308 0.897667
0.309 0.899333
0.31 0.901167
0.311 0.902833
0.312 0.903833
0.313 0.904167
0.314 0.905833
0.314999 0.906667
0.315999 0.907333
0.316999 0.9085
0.317999 0.9095
0.318999 0.911
0.319999 0.9115
0.320999 0.912667
0.321999 0.9135
0.322999 0.914333
0.323999 0.915333
0.324999 0.916833
0.325999 0.918333
0.326999 0.9195
0.327999 0.9205
0.328999 0.922333
0.329999 0.922833
0.330999 0.923333
0.331999 0.923833
0.332999 0.926
0.333999 0.926833
0.334999 0.927833
0.335999 0.928833
0.336999 0.929667
0.337999 0.93
0.338999 0.931
0.339999 0.931667
0.340999 0.932667
0.341999 0.933
0.342999 0.933667
0.343999 0.934667
0.344999 0.935667
0.345999 0.936333
0.346999 0.936833
0.347999 0.937667
0.348999 0.938667
0.349999 0.9395
0.350999 0.9405
0.351999 0.9415
0.352999 0.942333
0.353999 0.9435
0.354999 0.944167
0.355999 0.944833
0.356999 0.945667
0.357999 0.9465
0.358999 0.947167
0.359999 0.947833
0.360999 0.948
0.361999 0.9485
0.362999 0.949
0.363999 0.95
0.364999 0.9505
0.365999 0.950833
0.366999 0.951333
0.367999 0.951833
0.368999 0.951833
0.369999 0.951833
0.370999 0.952833
0.371999 0.953167
0.372999 0.953833
0.373999 0.954167
0.374999 0.954833
0.375999 0.955333
0.376999 0.9565
0.377999 0.958
0.378999 0.958
0.379999 0.958333
0.380999 0.959333
0.381999 0.959833
0.382999 0.960667
0.383999 0.961167
0.384999 0.961667
0.385999 0.961833
0.386999 0.961833
0.387999 0.9625
0.388999 0.963
0.389999 0.964167
0.390999 0.964667
0.391998 0.964833
0.392998 0.965333
0.393998 0.965667
0.394998 0.966167
0.395998 0.966333
0.396998 0.967167
0.397998 0.967833
0.398998 0.968
0.399998 0.968833
0.400998 0.969333
0.401998 0.969167
0.402998 0.969833
0.403998 0.969667
0.404998 0.969833
0.405998 0.970667
0.406998 0.971333
0.407998 0.971333
0.408998 0.971833
0.409998 0.971667
0.410998 0.971833
0.411998 0.972167
0.412998 0.9725
0.413998 0.972667
0.414998 0.972667
0.415998 0.972667
0.416998 0.973
0.417998 0.9735
0.418998 0.973667
0.419998 0.973667
0.420998 0.973667
0.421998 0.974
0.422998 0.9745
0.423998 0.974333
0.424998 0.9745
0.425998 0.974333
0.426998 0.974667
0.427998 0.974833
0.428998 0.975
0.429998 0.975167
0.430998 0.974833
0.431998 0.975
0.432998 0.975333
0.433998 0.9755
0.434998 0.975667
0.435998 0.975667
0.436998 0.976167
0.437998 0.976333
0.438998 0.976667
0.439998 0.977
0.440998 0.977333
0.441998 0.977667
0.442998 0.978
0.443998 0.9775
0.444998 0.977667
0.445998 0.977667
0.446998 0.977833
0.447998 0.977833
0.448998 0.9775
0.449998 0.9775
0.450998 0.977167
0.451998 0.977167
0.452998 0.977167
0.453998 0.9765
0.454998 0.9765
0.455998 0.976667
0.456998 0.976667
0.457998 0.977167
0.458998 0.977167
0.459998 0.977167
0.460998 0.977
0.461998 0.977
0.462998 0.976833
0.463998 0.9765
0.464998 0.976333
0.465998 0.975833
0.466998 0.975833
0.467998 0.976
0.468998 0.976
0.469997 0.976
0.470997 0.976
0.471997 0.976
0.472997 0.976
0.473997 0.976
0.474997 0.975833
0.475997 0.975833
0.476997 0.9755
0.477997 0.9755
0.478997 0.9755
0.479997 0.975333
0.480997 0.9755
0.481997 0.975167
0.482997 0.975
0.483997 0.974833
0.484997 0.975
0.485997 0.9745
0.486997 0.974167
0.487997 0.974167
0.488997 0.9735
0.489997 0.9735
0.490997 0.973167
0.491997 0.972833
0.492997 0.972333
0.493997 0.971833
0.494997 0.971167
0.495997 0.970833
0.496997 0.970833
0.497997 0.970333
0.498997 0.969833
0.499997 0.969667
0.500997 0.969667
0.501997 0.969167
0.502997 0.968833
0.503997 0.968833
0.504997 0.9685
0.505997 0.968167
0.506997 0.968
0.507997 0.9675
0.508997 0.966667
0.509997 0.966667
0.510997 0.966333
0.511997 0.966
0.512997 0.965833
0.513997 0.965667
0.514997 0.964833
0.515997 0.9645
0.516997 0.963667
0.517997 0.963167
0.518997 0.962333
0.519997 0.961833
0.520997 0.961167
0.521997 0.960833
0.522997 0.959833
0.523997 0.959333
0.524997 0.958833
0.525997 0.958
0.526997 0.9575
0.527997 0.957167
0.528997 0.956833
0.529997 0.9565
0.530997 0.956167
0.531997 0.955667
0.532997 0.9545
0.533997 0.953833
0.534997 0.9525
0.535997 0.951333
0.536997 0.951
0.537997 0.950333
0.538997 0.949333
0.539997 0.948667
0.540997 0.948333
0.541997 0.947833
0.542997 0.947167
0.543997 0.9465
0.544997 0.9455
0.545997 0.944667
0.546997 0.944167
0.547997 0.943167
0.548997 0.943
0.549996 0.9425
0.550996 0.942333
0.551996 0.941
0.552996 0.939667
0.553996 0.938
0.554996 0.9375
0.555996 0.936
0.556996 0.935167
0.557996 0.933
0.558996 0.932167
0.559996 0.931
0.560996 0.93
0.561996 0.929333
0.562996 0.928167
0.563996 0.9275
0.564996 0.927
0.565996 0.9255
0.566996 0.924833
0.567996 0.924167
0.568996 0.923
0.569996 0.9225
0.570996 0.922
0.571996 0.9215
0.572996 0.920667
0.573996 0.919833
0.574996 0.918
0.575996 0.916833
0.576996 0.915667
0.577996 0.9145
0.578996 0.9135
0.579996 0.912333
0.580996 0.912
0.581996 0.910667
0.582996 0.909333
0.583996 0.908833
0.584996 0.907333
0.585996 0.906167
0.586996 0.9055
0.587996 0.904333
0.588996 0.903167
0.589996 0.901833
0.590996 0.901
0.591996 0.899333
0.592996 0.897833
0.593996 0.896833
0.594996 0.896
0.595996 0.895167
0.596996 0.894333
0.597996 0.893667
0.598996 0.892333
0.599996 0.890833
0.600996 0.890667
0.601996 0.889667
0.602996 0.8885
0.603996 0.888
0.604996 0.886
0.605996 0.885167
0.606996 0.884167
0.607996 0.882667
0.608996 0.881833
0.609996 0.880833
0.610996 0.879333
0.611996 0.878
0.612996 0.877
0.613996 0.875333
0.614996 0.874
0.615996 0.873
0.616996 0.871833
0.617996 0.870167
0.618996 0.868833
0.619996 0.867167
0.620996 0.865667
0.621996 0.863333
0.622996 0.861
0.623996 0.859333
0.624996 0.8585
0.625996 0.8575
0.626996 0.856333
0.627995 0.855333
0.628995 0.854167
0.629995 0.853
0.630995 0.851833
0.631995 0.850333
0.632995 0.849167
0.633995 0.847833
0.634995 0.846
0.635995 0.844167
0.636995 0.842667
0.637995 0.841667
0.638995 0.840833
0.639995 0.839667
0.640995 0.8375
0.641995 0.835333
0.642995 0.834
0.643995 0.832833
0.644995 0.830833
0.645995 0.829833
0.646995 0.827833
0.647995 0.826167
0.648995 0.8245
0.649995 0.823667
0.650995 0.821667
0.651995 0.819167
0.652995 0.818167
0.653995 0.816833
0.654995 0.815333
0.655995 0.8145
0.656995 0.813
0.657995 0.811333
0.658995 0.810167
0.659995 0.808833
0.660995 0.807167
0.661995 0.806
0.662995 0.8045
0.663995 0.803
0.664995 0.802167
0.665995 0.801
0.666995 0.799167
0.667995 0.797833
0.668995 0.795667
0.669995 0.793833
0.670995 0.7935
0.671995 0.792167
0.672995 0.791667
0.673995 0.789833
0.674995 0.788333
0.675995 0.7865
0.676995 0.784667
0.677995 0.7825
0.678995 0.780333
0.679995 0.778
0.680995 0.775667
0.681995 0.772333
0.682995 0.770667
0.683995 0.768667
0.684995 0.7675
0.685995 0.765167
0.686995 0.763333
0.687995 0.761833
0.688995 0.76
0.689995 0.759167
0.690995 0.757
0.691995 0.755
0.692995 0.752667
0.693995 0.75
0.694995 0.7485
0.695995 0.746833
0.696995 0.745333
0.697995 0.743167
0.698995 0.742167
0.699995 0.74
0.700995 0.738833
0.701995 0.736667
0.702995 0.734
0.703995 0.731667
0.704994 0.729667
0.705994 0.728
0.706994 0.726667
0.707994 0.724167
0.708994 0.722167
0.709994 0.7205
0.710994 0.717333
0.711994 0.716
0.712994 0.7145
0.713994 0.712
0.714994 0.710833
0.715994 0.709167
0.716994 0.705833
0.717994 0.704
0.718994 0.7025
0.719994 0.700333
0.720994 0.697833
0.721994 0.695667
0.722994 0.6935
0.723994 0.691833
0.724994 0.689333
0.725994 0.688
0.726994 0.6865
0.727994 0.6855
0.728994 0.684333
0.729994 0.6835
0.730994 0.681333
0.731994 0.679667
0.732994 0.678167
0.733994 0.6765
0.734994 0.674333
0.735994 0.672833
0.736994 0.671167
0.737994 0.6695
0.738994 0.667
0.739994 0.665167
0.740994 0.663
0.741994 0.661667
0.742994 0.66
0.743994 0.659333
0.744994 0.6575
0.745994 0.655167
0.746994 0.653167
0.747994 0.651667
0.748994 0.650667
0.749994 0.649333
0.750994 0.6485
0.751994 0.646833
0.752994 0.6455
0.753994 0.643333
0.754994 0.641167
0.755994 0.639667
0.756994 0.638167
0.757994 0.637167
0.758994 0.636667
0.759994 0.634667
0.760994 0.632667
0.761994 0.631
0.762994 0.629333
0.763994 0.6285
0.764994 0.6275
0.765994 0.6265
0.766994 0.6255
0.767994 0.623333
0.768994 0.621833
0.769994 0.621167
0.770994 0.619333
0.771994 0.618667
0.772994 0.616833
0.773994 0.6155
0.774994 0.613167
0.775994 0.612
0.776994 0.610167
0.777994 0.609167
0.778994 0.607333
0.779994 0.605333
0.780994 0.604167
0.781994 0.602333
0.782993 0.6005
0.783993 0.599167
0.784993 0.597333
0.785993 0.596667
0.786993 0.594167
0.787993 0.593
0.788993 0.591167
0.789993 0.59
0.790993 0.5885
0.791993 0.588
0.792993 0.586167
0.793993 0.584
0.794993 0.582667
0.795993 0.581667
0.796993 0.580333
0.797993 0.5785
0.798993 0.5775
0.799993 0.576667
0.800993 0.574167
0.801993 0.573167
0.802993 0.5715
0.803993 0.570167
0.804993 0.569667
0.805993 0.568667
0.806993 0.567
0.807993 0.565
0.808993 0.563667
0.809993 0.562667
0.810993 0.561833
0.811993 0.561
0.812993 0.559667
0.813993 0.558667
0.814993 0.557833
0.815993 0.556833
0.816993 0.555833
0.817993 0.5545
0.818993 0.554
0.819993 0.553333
0.820993 0.551833
0.821993 0.551333
0.822993 0.549667
0.823993 0.548333
0.824993 0.547
0.825993 0.5455
0.826993 0.544
0.827993 0.543333
0.828993 0.542833
0.829993 0.541667
0.830993 0.541667
0.831993 0.541
0.832993 0.540667
0.833993 0.540333
0.834993 0.539833
0.835993 0.539667
0.836993 0.538167
0.837993 0.537333
0.838993 0.536667
0.839993 0.5365
0.840993 0.535
0.841993 0.534167
0.842993 0.533333
0.843993 0.532
0.844993 0.5315
0.845993 0.531333
0.846993 0.530167
0.847993 0.529167
0.848993 0.528333
0.849993 0.527667
0.850993 0.527167
0.851993 0.526
0.852993 0.525333
0.853993 0.5245
0.854993 0.524167
0.855993 0.523667
0.856993 0.522167
0.857993 0.521333
0.858993 0.521
0.859993 0.520667
0.860992 0.519667
0.861992 0.5185
0.862992 0.518
0.863992 0.5175
0.864992 0.517
0.865992 0.516167
0.866992 0.516
0.867992 0.515167
0.868992 0.515
0.869992 0.514833
0.870992 0.5145
0.871992 0.514
0.872992 0.5135
0.873992 0.513
0.874992 0.512
0.875992 0.511667
0.876992 0.511333
0.877992 0.511
0.878992 0.510333
0.879992 0.51
0.880992 0.509333
0.881992 0.508833
0.882992 0.508167
0.883992 0.508167
0.884992 0.508167
0.885992 0.507833
0.886992 0.5075
0.887992 0.507333
0.888992 0.507167
0.889992 0.507
0.890992 0.506833
0.891992 0.5065
0.892992 0.5065
0.893992 0.506333
0.894992 0.505667
0.895992 0.5055
0.896992 0.505333
0.897992 0.505167
0.898992 0.504667
0.899992 0.5045
0.900992 0.504333
0.901992 0.504
0.902992 0.503833
0.903992 0.5035
0.904992 0.5035
0.905992 0.503333
0.906992 0.503333
0.907992 0.502667
0.908992 0.502667
0.909992 0.5025
0.910992 0.502
0.911992 0.502
0.912992 0.502
0.913992 0.502
0.914992 0.501833
0.915992 0.501833
0.916992 0.501833
0.917992 0.501667
0.918992 0.501667
0.919992 0.501667
0.920992 0.501667
0.921992 0.501667
0.922992 0.501667
0.923992 0.5015
0.924992 0.5015
0.925992 0.5015
0.926992 0.5015
0.927992 0.5015
0.928992 0.5015
0.929992 0.5015
0.930992 0.501333
0.931992 0.501167
0.932992 0.501167
0.933992 0.501167
0.934992 0.501
0.935992 0.501
0.936992 0.500833
0.937991 0.500833
0.938991 0.500833
0.939991 0.500833
0.940991 0.500833
0.941991 0.500833
0.942991 0.500833
0.943991 0.500667
0.944991 0.500667
0.945991 0.500333
0.946991 0.500333
0.947991 0.500167
0.948991 0.500167
0.949991 0.500167
0.950991 0.500167
0.951991 0.500167
0.952991 0.500167
0.953991 0.500167
0.954991 0.500167
0.955991 0.500167
0.956991 0.500167
0.957991 0.500167
0.958991 0.500167
0.959991 0.500167
0.960991 0.500167
0.961991 0.5
0.962991 0.5
0.963991 0.5
0.964991 0.5
0.965991 0.5
0.966991 0.5
0.967991 0.5
0.968991 0.5
0.969991 0.5
0.970991 0.5
0.971991 0.5
0.972991 0.5
0.973991 0.5
0.974991 0.5
0.975991 0.5
0.976991 0.5
0.977991 0.5
0.978991 0.5
0.979991 0.5
0.980991 0.5
0.981991 0.5
0.982991 0.5
0.983991 0.5
0.984991 0.5
0.985991 0.5
0.986991 0.5
0.987991 0.5
0.988991 0.5
0.989991 0.5
0.990991 0.5
0.991991 0.5
0.992991 0.5
0.993991 0.5
0.994991 0.5
0.995991 0.5
0.996991 0.5
0.997991 0.5
0.998991 0.5
0.999991 0.5


0.442998 0.978
