1 1
1 1
1 1
1 1
1 1
1 1
1 1
1 1
1 1
1 1
1 1
1 1
1 1
1 1
1 1
1 1
1 1
1 1
1 1
1 1
1 1
1 1
1 1
1 1
1 1
1 1
1 1
1 1
1 1
1 1
1 1
1 1
1 1
1 1
1 1
1 1
1 1
1 1
1 1
1 1
1 1
1 1
1 1
1 1
1 1
1 1
1 1
1 1
1 1
1 1
1 1
1 1
1 1
1 1
1 1
1 1
1 1
1 1
1 1
1 1
1 1
1 1
1 1
1 1
1 1
1 1
1 1
1 1
1 1
1 1
1 1
1 1
1 1
1 1
1 1
1 1
1 1
1 1
1 1
1 1
1 1
1 1
1 1
1 1
1 0.999667
1 0.999667
1 0.999667
1 0.999667
1 0.999667
1 0.999667
1 0.999667
1 0.999667
1 0.999333
1 0.999333
1 0.998667
1 0.998667
1 0.998333
1 0.998
1 0.998
1 0.997333
1 0.997333
1 0.997
1 0.996333
1 0.996
1 0.996
1 0.995667
1 0.995333
1 0.995
1 0.994333
1 0.994
1 0.993
1 0.992667
1 0.992
1 0.990333
1 0.989333
1 0.989333
1 0.988667
1 0.988
1 0.987333
1 0.986333
1 0.985
1 0.983667
1 0.982333
1 0.981
1 0.979333
1 0.977667
1 0.977
1 0.975333
1 0.974
1 0.973
1 0.971
1 0.969667
1 0.967333
1 0.966
1 0.965
1 0.962667
1 0.959667
0.999667 0.956667
0.999667 0.953667
0.999667 0.95
0.999667 0.948
0.999667 0.945333
0.999667 0.943333
0.999667 0.940333
0.999667 0.935333
0.999667 0.930667
0.999667 0.927
0.999667 0.923667
0.999667 0.919667
0.999667 0.917333
0.999667 0.914667
0.999667 0.910333
0.999667 0.905
0.999667 0.9
0.999667 0.896667
0.999667 0.893
0.999667 0.890333
0.999667 0.884667
0.999333 0.881
0.999333 0.874667
0.999333 0.871
0.999333 0.865
0.999333 0.861
0.999333 0.853
0.999333 0.849333
0.999333 0.845333
0.999333 0.841
0.999333 0.837
0.999333 0.830667
0.999333 0.825
0.999333 0.817333
0.999333 0.811
0.999 0.806
0.999 0.801667
0.999 0.794
0.999 0.787667
0.999 0.783667
0.999 0.777667
0.999 0.770667
0.999 0.764667
0.999 0.760667
0.999 0.753333
0.999 0.746667
0.999 0.740667
0.999 0.735333
0.999 0.73
0.999 0.723
0.999 0.719333
0.999 0.716667
0.998667 0.710667
0.998667 0.704333
0.998667 0.697667
0.998667 0.691333
0.998667 0.684333
0.998667 0.678
0.998667 0.675667
0.998667 0.668333
0.998333 0.663
0.998333 0.655
0.998333 0.647667
0.998333 0.640667
0.998333 0.637667
0.998333 0.632333
0.998333 0.627667
0.998333 0.618
0.998 0.612667
0.997667 0.603667
0.997667 0.598333
0.997667 0.592667
0.997333 0.588
0.997333 0.581
0.997333 0.576667
0.997333 0.571667
0.997333 0.567
0.997333 0.564
0.997333 0.559
0.997333 0.553333
0.997333 0.547333
0.997 0.541667
0.997 0.538
0.997 0.532667
0.997 0.529667
0.997 0.525333
0.997 0.519667
0.997 0.513667
0.997 0.507667
0.997 0.503
0.997 0.498333
0.997 0.492333
0.997 0.485333
0.997 0.478667
0.997 0.473667
0.997 0.468
0.997 0.464333
0.997 0.459333
0.997 0.453
0.997 0.448
0.997 0.443667
0.997 0.440333
0.997 0.437
0.997 0.432333
0.997 0.427667
0.997 0.423333
0.997 0.42
0.997 0.416667
0.997 0.41
0.997 0.403667
0.997 0.397667
0.997 0.392333
0.997 0.389333
0.997 0.385667
0.997 0.379
0.996667 0.375667
0.996667 0.369667
0.996667 0.365333
0.996667 0.363
0.996667 0.358
0.996333 0.353333
0.996333 0.35
0.996333 0.346667
0.996333 0.344333
0.996333 0.338333
0.996333 0.333333
0.996333 0.330333
0.996333 0.327333
0.996333 0.323667
0.996333 0.318667
0.996333 0.316333
0.996333 0.312667
0.996333 0.310667
0.996333 0.308333
0.996333 0.304
0.996333 0.299667
0.996333 0.293333
0.996333 0.290333
0.996333 0.285667
0.996333 0.282333
0.996333 0.278333
0.996333 0.274
0.996333 0.271
0.996333 0.268667
0.996333 0.266667
0.996333 0.263333
0.996333 0.260667
0.996333 0.258667
0.996333 0.256
0.996333 0.254333
0.996 0.25
0.996 0.247
0.996 0.243
0.995667 0.24
0.995667 0.238
0.995667 0.236667
0.995667 0.234667
0.995667 0.233333
0.995667 0.231
0.995667 0.228667
0.995667 0.226
0.995667 0.223667
0.995333 0.221333
0.995333 0.219
0.995333 0.216667
0.995333 0.212667
0.995333 0.211333
0.995333 0.208333
0.995333 0.207333
0.995333 0.205
0.995 0.203667
0.995 0.199667
0.995 0.196333
0.995 0.192667
0.995 0.189333
0.995 0.187333
0.994667 0.186333
0.994667 0.183
0.994667 0.181333
0.994667 0.18
0.994667 0.177667
0.994333 0.175333
0.994333 0.172333
0.994333 0.171333
0.994333 0.169
0.994 0.167
0.993667 0.165
0.993667 0.163
0.993667 0.16
0.993667 0.157
0.993667 0.154667
0.993667 0.152667
0.993667 0.149
0.993333 0.147667
0.993333 0.146667
0.993333 0.145667
0.993333 0.141333
0.993 0.139333
0.992667 0.137
0.992667 0.135
0.992667 0.133333
0.992667 0.132667
0.992333 0.130333
0.992333 0.129
0.992333 0.127
0.992333 0.126333
0.992 0.124667
0.992 0.122667
0.992 0.120667
0.992 0.119333
0.992 0.118333
0.992 0.116667
0.992 0.114667
0.992 0.113
0.991333 0.110333
0.991333 0.108333
0.991333 0.106667
0.991333 0.104333
0.991333 0.103
0.991 0.101333
0.991 0.0996667
0.991 0.098
0.991 0.0966667
0.991 0.0953333
0.991 0.095
0.991 0.094
0.991 0.093
0.990667 0.0906667
0.990667 0.0896667
0.990667 0.089
0.990333 0.0876667
0.99 0.0863333
0.989667 0.086
0.989667 0.086
0.989667 0.084
0.989667 0.0833333
0.989333 0.0816667
0.989 0.0806667
0.989 0.0793333
0.989 0.0783333
0.989 0.076
0.989 0.073
0.988333 0.0723333
0.988 0.0713333
0.988 0.0693333
0.988 0.0683333
0.988 0.0666667
0.988 0.0656667
0.988 0.0646667
0.987667 0.064
0.987 0.0633333
0.986667 0.0616667
0.986333 0.0603333
0.986333 0.058
0.986333 0.057
0.986 0.0563333
0.986 0.0553333
0.985667 0.0543333
0.985333 0.053
0.985333 0.0526667
0.985333 0.051
0.985333 0.0496667
0.985 0.049
0.985 0.0473333
0.985 0.0463333
0.984333 0.046
0.984333 0.0446667
0.983333 0.044
0.983333 0.0436667
0.983333 0.042
0.983333 0.0406667
0.983333 0.0406667
0.983333 0.0396667
0.983 0.0396667
0.982667 0.039
0.982333 0.038
0.982333 0.0373333
0.982333 0.037
0.982 0.0366667
0.981667 0.0363333
0.981667 0.0356667
0.981667 0.0346667
0.981667 0.0343333
0.981667 0.0343333
0.981 0.0336667
0.981 0.033
0.980667 0.0316667
0.980333 0.0316667
0.979667 0.0306667
0.978667 0.03
0.978667 0.0293333
0.978333 0.0286667
0.978 0.028
0.977333 0.027
0.976333 0.0266667
0.976333 0.0263333
0.976333 0.0256667
0.976333 0.0253333
0.976 0.0246667
0.975667 0.0243333
0.975667 0.0233333
0.975333 0.0226667
0.975333 0.022
0.975 0.021
0.974667 0.02
0.974333 0.019
0.974333 0.0183333
0.973333 0.0183333
0.973 0.0176667
0.973 0.0176667
0.973 0.0173333
0.972333 0.0166667
0.971667 0.0166667
0.971667 0.0166667
0.971 0.0166667
0.971 0.0166667
0.970667 0.0163333
0.969333 0.0163333
0.968667 0.0156667
0.968667 0.0153333
0.968667 0.0153333
0.968667 0.0143333
0.968667 0.0143333
0.968333 0.014
0.968 0.014
0.967667 0.0136667
0.967333 0.0136667
0.965667 0.0126667
0.965333 0.0126667
0.964333 0.0126667
0.964333 0.0126667
0.964333 0.0123333
0.964333 0.0123333
0.964333 0.0123333
0.964 0.012
0.963667 0.0116667
0.963 0.011
0.962333 0.0103333
0.962 0.0103333
0.961667 0.01
0.960667 0.00966667
0.960333 0.00933333
0.959333 0.00833333
0.958667 0.008
0.958667 0.00766667
0.957667 0.00733333
0.957333 0.00733333
0.957 0.00733333
0.956333 0.00633333
0.955333 0.00633333
0.954667 0.00633333
0.954333 0.006
0.953 0.006
0.952667 0.00566667
0.952 0.00566667
0.951 0.00533333
0.95 0.00533333
0.949 0.00533333
0.947667 0.00533333
0.947 0.00533333
0.946667 0.005
0.945667 0.005
0.944667 0.005
0.944 0.00466667
0.944 0.00466667
0.943 0.00466667
0.942333 0.00466667
0.942 0.00433333
0.941333 0.00433333
0.940667 0.00433333
0.94 0.004
0.939 0.004
0.937 0.00366667
0.936667 0.00333333
0.935667 0.003
0.935 0.003
0.934667 0.003
0.934333 0.003
0.932667 0.003
0.932 0.003
0.930333 0.003
0.929333 0.003
0.927667 0.003
0.926667 0.003
0.925333 0.003
0.924333 0.00266667
0.922333 0.00266667
0.921333 0.00266667
0.920333 0.00266667
0.918667 0.00266667
0.917333 0.00233333
0.916667 0.00233333
0.916 0.00233333
0.915333 0.00233333
0.914667 0.00233333
0.913667 0.00233333
0.911 0.002
0.909667 0.002
0.907 0.002
0.904667 0.002
0.904 0.002
0.902667 0.002
0.900667 0.002
0.899333 0.002
0.898333 0.00166667
0.897333 0.00166667
0.896 0.00166667
0.894667 0.00166667
0.892667 0.00166667
0.891 0.00166667
0.89 0.00166667
0.888 0.00166667
0.887333 0.00133333
0.886333 0.00133333
0.886 0.00133333
0.883333 0.00133333
0.880667 0.00133333
0.877333 0.00133333
0.876333 0.00133333
0.873333 0.00133333
0.871667 0.00133333
0.867333 0.00133333
0.865667 0.00133333
0.863333 0.00133333
0.861333 0.00133333
0.86 0.00133333
0.857667 0.00133333
0.856333 0.00133333
0.855333 0.00133333
0.852333 0.00133333
0.851 0.00133333
0.849333 0.001
0.847 0.001
0.846 0.001
0.845 0.001
0.844 0.001
0.842333 0.001
0.840667 0.001
0.837 0.001
0.834667 0.001
0.832333 0.001
0.83 0.001
0.828 0.001
0.825667 0.001
0.825 0.001
0.822333 0.001
0.819667 0.001
0.818667 0.001
0.815667 0.001
0.813333 0.001
0.812 0.001
0.809333 0.000666667
0.807 0.000666667
0.804333 0.000666667
0.802667 0.000666667
0.799333 0.000666667
0.796333 0.000666667
0.794333 0.000666667
0.792667 0.000666667
0.791 0.000666667
0.789333 0.000666667
0.788 0.000666667
0.785333 0.000666667
0.782333 0.000666667
0.782 0.000666667
0.78 0.000666667
0.777667 0.000666667
0.776667 0.000666667
0.772667 0.000666667
0.771 0.000666667
0.769 0.000666667
0.766 0.000666667
0.764333 0.000666667
0.762333 0.000666667
0.759333 0.000666667
0.756333 0.000333333
0.754333 0.000333333
0.751 0.000333333
0.748333 0.000333333
0.746333 0.000333333
0.744 0.000333333
0.740667 0.000333333
0.738 0.000333333
0.734667 0.000333333
0.731667 0.000333333
0.727 0.000333333
0.722333 0.000333333
0.719 0.000333333
0.717333 0.000333333
0.715333 0.000333333
0.713 0.000333333
0.711 0.000333333
0.708667 0.000333333
0.706333 0.000333333
0.704 0.000333333
0.701 0.000333333
0.698667 0.000333333
0.696 0.000333333
0.692333 0.000333333
0.688667 0.000333333
0.685667 0.000333333
0.683667 0.000333333
0.682 0.000333333
0.679667 0.000333333
0.675333 0.000333333
0.671 0.000333333
0.668333 0.000333333
0.666 0.000333333
0.662 0.000333333
0.66 0.000333333
0.656 0.000333333
0.652667 0.000333333
0.649333 0.000333333
0.647667 0.000333333
0.643667 0.000333333
0.638667 0.000333333
0.636667 0.000333333
0.634 0.000333333
0.631 0.000333333
0.629 0
0.626 0
0.622667 0
0.620333 0
0.617667 0
0.614333 0
0.612 0
0.609 0
0.606 0
0.604333 0
0.602 0
0.598333 0
0.595667 0
0.591333 0
0.587667 0
0.587 0
0.584333 0
0.583333 0
0.579667 0
0.576667 0
0.573 0
0.569333 0
0.565 0
0.560667 0
0.556 0
0.551333 0
0.544667 0
0.541333 0
0.537333 0
0.535 0
0.530333 0
0.526667 0
0.523667 0
0.52 0
0.518333 0
0.514 0
0.51 0
0.505333 0
0.5 0
0.497 0
0.493667 0
0.490667 0
0.486333 0
0.484333 0
0.48 0
0.477667 0
0.473333 0
0.468 0
0.463333 0
0.459333 0
0.456 0
0.453333 0
0.448333 0
0.444333 0
0.441 0
0.434667 0
0.432 0
0.429 0
0.424 0
0.421667 0
0.418333 0
0.411667 0
0.408 0
0.405 0
0.400667 0
0.395667 0
0.391333 0
0.387 0
0.383667 0
0.378667 0
0.376 0
0.373 0
0.371 0
0.368667 0
0.367 0
0.362667 0
0.359333 0
0.356333 0
0.353 0
0.348667 0
0.345667 0
0.342333 0
0.339 0
0.334 0
0.330333 0
0.326 0
0.323333 0
0.32 0
0.318667 0
0.315 0
0.310333 0
0.306333 0
0.303333 0
0.301333 0
0.298667 0
0.297 0
0.293667 0
0.291 0
0.286667 0
0.282333 0
0.279333 0
0.276333 0
0.274333 0
0.273333 0
0.269333 0
0.265333 0
0.262 0
0.258667 0
0.257 0
0.255 0
0.253 0
0.251 0
0.246667 0
0.243667 0
0.242333 0
0.238667 0
0.237333 0
0.233667 0
0.231 0
0.226333 0
0.224 0
0.220333 0
0.218333 0
0.214667 0
0.210667 0
0.208333 0
0.204667 0
0.201 0
0.198333 0
0.194667 0
0.193333 0
0.188333 0
0.186 0
0.182333 0
0.18 0
0.177 0
0.176 0
0.172333 0
0.168 0
0.165333 0
0.163333 0
0.160667 0
0.157 0
0.155 0
0.153333 0
0.148333 0
0.146333 0
0.143 0
0.140333 0
0.139333 0
0.137333 0
0.134 0
0.13 0
0.127333 0
0.125333 0
0.123667 0
0.122 0
0.119333 0
0.117333 0
0.115667 0
0.113667 0
0.111667 0
0.109 0
0.108 0
0.106667 0
0.103667 0
0.102667 0
0.0993333 0
0.0966667 0
0.094 0
0.091 0
0.088 0
0.0866667 0
0.0856667 0
0.0833333 0
0.0833333 0
0.082 0
0.0813333 0
0.0806667 0
0.0796667 0
0.0793333 0
0.0763333 0
0.0746667 0
0.0733333 0
0.073 0
0.07 0
0.0683333 0
0.0666667 0
0.064 0
0.063 0
0.0626667 0
0.0603333 0
0.0583333 0
0.0566667 0
0.0553333 0
0.0543333 0
0.052 0
0.0506667 0
0.049 0
0.0483333 0
0.0473333 0
0.0443333 0
0.0426667 0
0.042 0
0.0413333 0
0.0393333 0
0.037 0
0.036 0
0.035 0
0.034 0
0.0323333 0
0.032 0
0.0303333 0
0.03 0
0.0296667 0
0.029 0
0.028 0
0.027 0
0.026 0
0.024 0
0.0233333 0
0.0226667 0
0.022 0
0.0206667 0
0.02 0
0.0186667 0
0.0176667 0
0.0163333 0
0.0163333 0
0.0163333 0
0.0156667 0
0.015 0
0.0146667 0
0.0143333 0
0.014 0
0.0136667 0
0.013 0
0.013 0
0.0126667 0
0.0113333 0
0.011 0
0.0106667 0
0.0103333 0
0.00933333 0
0.009 0
0.00866667 0
0.008 0
0.00766667 0
0.007 0
0.007 0
0.00666667 0
0.00666667 0
0.00533333 0
0.00533333 0
0.005 0
0.004 0
0.004 0
0.004 0
0.004 0
0.00366667 0
0.00366667 0
0.00366667 0
0.00333333 0
0.00333333 0
0.00333333 0
0.00333333 0
0.00333333 0
0.00333333 0
0.003 0
0.003 0
0.003 0
0.003 0
0.003 0
0.003 0
0.003 0
0.00266667 0
0.00233333 0
0.00233333 0
0.00233333 0
0.002 0
0.002 0
0.00166667 0
0.00166667 0
0.00166667 0
0.00166667 0
0.00166667 0
0.00166667 0
0.00166667 0
0.00133333 0
0.00133333 0
0.000666667 0
0.000666667 0
0.000333333 0
0.000333333 0
0.000333333 0
0.000333333 0
0.000333333 0
0.000333333 0
0.000333333 0
0.000333333 0
0.000333333 0
0.000333333 0
0.000333333 0
0.000333333 0
0.000333333 0
0.000333333 0
0 0
0 0
0 0
0 0
0 0
0 0
0 0
0 0
0 0
0 0
0 0
0 0
0 0
0 0
0 0
0 0
0 0
0 0
0 0
0 0
0 0
0 0
0 0
0 0
0 0
0 0
0 0
0 0
0 0
0 0
0 0
0 0
0 0
0 0
0 0
0 0
0 0
0 0
0 0
